A -> [1]
A
ABILITY -> [1, 2, 9, 12, 9, 20, 25]
ABILITY
ABLE -> [1, 2, 12, 5]
ABOUT -> [1, 2, 15, 21, 20]
ABOVE -> [1, 2, 15, 22, 5]
ABSENCE -> [1, 2, 19, 5, 14, 3, 5]
ABSOLUTELY -> [1, 2, 19, 15, 12, 21, 20, 5, 12, 25]
ACADEMIC -> [1, 3, 1, 4, 5, 13, 9, 3]
ACCEPT -> [1, 3, 3, 5, 16, 20]
ACCESS -> [1, 3, 3, 5, 19, 19]
ACCIDENT -> [1, 3, 3, 9, 4, 5, 14, 20]
ACCOMPANY -> [1, 3, 3, 15, 13, 16, 1, 14, 25]
ACCOMPANY
ACCORDING -> [1, 3, 3, 15, 18, 4, 9, 14, 7]
ACCOUNT -> [1, 3, 3, 15, 21, 14, 20]
ACHIEVE -> [1, 3, 8, 9, 5, 22, 5]
ACHIEVEMENT -> [1, 3, 8, 9, 5, 22, 5, 13, 5, 14, 20]
ACHIEVEMENT
ACID -> [1, 3, 9, 4]
ACQUIRE -> [1, 3, 17, 21, 9, 18, 5]
ACROSS -> [1, 3, 18, 15, 19, 19]
ACT -> [1, 3, 20]
ACTION -> [1, 3, 20, 9, 15, 14]
ACTIVE -> [1, 3, 20, 9, 22, 5]
ACTIVITY -> [1, 3, 20, 9, 22, 9, 20, 25]
ACTUAL -> [1, 3, 20, 21, 1, 12]
ACTUALLY -> [1, 3, 20, 21, 1, 12, 12, 25]
ADD -> [1, 4, 4]
ADDITION -> [1, 4, 4, 9, 20, 9, 15, 14]
ADDITIONAL -> [1, 4, 4, 9, 20, 9, 15, 14, 1, 12]
ADDRESS -> [1, 4, 4, 18, 5, 19, 19]
ADMINISTRATION -> [1, 4, 13, 9, 14, 9, 19, 20, 18, 1, 20, 9, 15, 14]
ADMIT -> [1, 4, 13, 9, 20]
ADOPT -> [1, 4, 15, 16, 20]
ADULT -> [1, 4, 21, 12, 20]
ADVANCE -> [1, 4, 22, 1, 14, 3, 5]
ADVANTAGE -> [1, 4, 22, 1, 14, 20, 1, 7, 5]
ADVICE -> [1, 4, 22, 9, 3, 5]
ADVISE -> [1, 4, 22, 9, 19, 5]
AFFAIR -> [1, 6, 6, 1, 9, 18]
AFFECT -> [1, 6, 6, 5, 3, 20]
AFFORD -> [1, 6, 6, 15, 18, 4]
AFRAID -> [1, 6, 18, 1, 9, 4]
AFTER -> [1, 6, 20, 5, 18]
AFTERNOON -> [1, 6, 20, 5, 18, 14, 15, 15, 14]
AFTERWARDS -> [1, 6, 20, 5, 18, 23, 1, 18, 4, 19]
AGAIN -> [1, 7, 1, 9, 14]
AGAINST -> [1, 7, 1, 9, 14, 19, 20]
AGE -> [1, 7, 5]
AGENCY -> [1, 7, 5, 14, 3, 25]
AGENCY
AGENT -> [1, 7, 5, 14, 20]
AGO -> [1, 7, 15]
AGREE -> [1, 7, 18, 5, 5]
AGREEMENT -> [1, 7, 18, 5, 5, 13, 5, 14, 20]
AHEAD -> [1, 8, 5, 1, 4]
AID -> [1, 9, 4]
AIM -> [1, 9, 13]
AIR -> [1, 9, 18]
AIR
AIRCRAFT -> [1, 9, 18, 3, 18, 1, 6, 20]
ALL -> [1, 12, 12]
ALLOW -> [1, 12, 12, 15, 23]
ALMOST -> [1, 12, 13, 15, 19, 20]
ALONE -> [1, 12, 15, 14, 5]
ALONG -> [1, 12, 15, 14, 7]
ALREADY -> [1, 12, 18, 5, 1, 4, 25]
ALREADY
ALRIGHT -> [1, 12, 18, 9, 7, 8, 20]
ALSO -> [1, 12, 19, 15]
ALTERNATIVE -> [1, 12, 20, 5, 18, 14, 1, 20, 9, 22, 5]
ALTHOUGH -> [1, 12, 20, 8, 15, 21, 7, 8]
ALWAYS -> [1, 12, 23, 1, 25, 19]
AMONG -> [1, 13, 15, 14, 7]
AMONGST -> [1, 13, 15, 14, 7, 19, 20]
AMOUNT -> [1, 13, 15, 21, 14, 20]
AN -> [1, 14]
AN
ANALYSIS -> [1, 14, 1, 12, 25, 19, 9, 19]
ANCIENT -> [1, 14, 3, 9, 5, 14, 20]
ANCIENT
AND -> [1, 14, 4]
ANIMAL -> [1, 14, 9, 13, 1, 12]
ANNOUNCE -> [1, 14, 14, 15, 21, 14, 3, 5]
ANNUAL -> [1, 14, 14, 21, 1, 12]
ANOTHER -> [1, 14, 15, 20, 8, 5, 18]
ANSWER -> [1, 14, 19, 23, 5, 18]
ANY -> [1, 14, 25]
ANYBODY -> [1, 14, 25, 2, 15, 4, 25]
ANYONE -> [1, 14, 25, 15, 14, 5]
ANYTHING -> [1, 14, 25, 20, 8, 9, 14, 7]
ANYWAY -> [1, 14, 25, 23, 1, 25]
APART -> [1, 16, 1, 18, 20]
APPARENT -> [1, 16, 16, 1, 18, 5, 14, 20]
APPARENT
APPARENTLY -> [1, 16, 16, 1, 18, 5, 14, 20, 12, 25]
APPEAL -> [1, 16, 16, 5, 1, 12]
APPEAR -> [1, 16, 16, 5, 1, 18]
APPEARANCE -> [1, 16, 16, 5, 1, 18, 1, 14, 3, 5]
APPLICATION -> [1, 16, 16, 12, 9, 3, 1, 20, 9, 15, 14]
APPLY -> [1, 16, 16, 12, 25]
APPOINT -> [1, 16, 16, 15, 9, 14, 20]
APPOINT
APPOINTMENT -> [1, 16, 16, 15, 9, 14, 20, 13, 5, 14, 20]
APPROACH -> [1, 16, 16, 18, 15, 1, 3, 8]
APPROACH
APPROPRIATE -> [1, 16, 16, 18, 15, 16, 18, 9, 1, 20, 5]
APPROVE -> [1, 16, 16, 18, 15, 22, 5]
AREA -> [1, 18, 5, 1]
ARGUE -> [1, 18, 7, 21, 5]
ARGUMENT -> [1, 18, 7, 21, 13, 5, 14, 20]
ARISE -> [1, 18, 9, 19, 5]
ARM -> [1, 18, 13]
ARMY -> [1, 18, 13, 25]
AROUND -> [1, 18, 15, 21, 14, 4]
ARRANGE -> [1, 18, 18, 1, 14, 7, 5]
ARRANGEMENT -> [1, 18, 18, 1, 14, 7, 5, 13, 5, 14, 20]
ARRIVE -> [1, 18, 18, 9, 22, 5]
ART -> [1, 18, 20]
ARTICLE -> [1, 18, 20, 9, 3, 12, 5]
ARTIST -> [1, 18, 20, 9, 19, 20]
AS -> [1, 19]
ASK -> [1, 19, 11]
ASPECT -> [1, 19, 16, 5, 3, 20]
ASSEMBLY -> [1, 19, 19, 5, 13, 2, 12, 25]
ASSESS -> [1, 19, 19, 5, 19, 19]
ASSESSMENT -> [1, 19, 19, 5, 19, 19, 13, 5, 14, 20]
ASSET -> [1, 19, 19, 5, 20]
ASSOCIATE -> [1, 19, 19, 15, 3, 9, 1, 20, 5]
ASSOCIATION -> [1, 19, 19, 15, 3, 9, 1, 20, 9, 15, 14]
ASSUME -> [1, 19, 19, 21, 13, 5]
ASSUME
ASSUMPTION -> [1, 19, 19, 21, 13, 16, 20, 9, 15, 14]
AT -> [1, 20]
AT
ATMOSPHERE -> [1, 20, 13, 15, 19, 16, 8, 5, 18, 5]
ATMOSPHERE
ATTACH -> [1, 20, 20, 1, 3, 8]
ATTACK -> [1, 20, 20, 1, 3, 11]
ATTEMPT -> [1, 20, 20, 5, 13, 16, 20]
ATTEND -> [1, 20, 20, 5, 14, 4]
ATTENTION -> [1, 20, 20, 5, 14, 20, 9, 15, 14]
ATTITUDE -> [1, 20, 20, 9, 20, 21, 4, 5]
ATTRACT -> [1, 20, 20, 18, 1, 3, 20]
ATTRACTIVE -> [1, 20, 20, 18, 1, 3, 20, 9, 22, 5]
AUDIENCE -> [1, 21, 4, 9, 5, 14, 3, 5]
AUTHOR -> [1, 21, 20, 8, 15, 18]
AUTHORITY -> [1, 21, 20, 8, 15, 18, 9, 20, 25]
AVAILABLE -> [1, 22, 1, 9, 12, 1, 2, 12, 5]
AVERAGE -> [1, 22, 5, 18, 1, 7, 5]
AVOID -> [1, 22, 15, 9, 4]
AWARD -> [1, 23, 1, 18, 4]
AWARE -> [1, 23, 1, 18, 5]
AWAY -> [1, 23, 1, 25]
AYE -> [1, 25, 5]
BABY -> [2, 1, 2, 25]
BACK -> [2, 1, 3, 11]
BACKGROUND -> [2, 1, 3, 11, 7, 18, 15, 21, 14, 4]
BAD -> [2, 1, 4]
BAG -> [2, 1, 7]
BAG
BALANCE -> [2, 1, 12, 1, 14, 3, 5]
BALL -> [2, 1, 12, 12]
BAND -> [2, 1, 14, 4]
BAND
BANK -> [2, 1, 14, 11]
BANK
BAR -> [2, 1, 18]
BAR
BASE -> [2, 1, 19, 5]
BASIC -> [2, 1, 19, 9, 3]
BASIS -> [2, 1, 19, 9, 19]
BATTLE -> [2, 1, 20, 20, 12, 5]
BE -> [2, 5]
BEAR -> [2, 5, 1, 18]
BEAT -> [2, 5, 1, 20]
BEAT
BEAUTIFUL -> [2, 5, 1, 21, 20, 9, 6, 21, 12]
BECAUSE -> [2, 5, 3, 1, 21, 19, 5]
BECOME -> [2, 5, 3, 15, 13, 5]
BED -> [2, 5, 4]
BEDROOM -> [2, 5, 4, 18, 15, 15, 13]
BEFORE -> [2, 5, 6, 15, 18, 5]
BEGIN -> [2, 5, 7, 9, 14]
BEGINNING -> [2, 5, 7, 9, 14, 14, 9, 14, 7]
BEHAVIOUR -> [2, 5, 8, 1, 22, 9, 15, 21, 18]
BEHIND -> [2, 5, 8, 9, 14, 4]
BELIEF -> [2, 5, 12, 9, 5, 6]
BELIEVE -> [2, 5, 12, 9, 5, 22, 5]
BELONG -> [2, 5, 12, 15, 14, 7]
BELONG
BELOW -> [2, 5, 12, 15, 23]
BENEATH -> [2, 5, 14, 5, 1, 20, 8]
BENEATH
BENEFIT -> [2, 5, 14, 5, 6, 9, 20]
BESIDE -> [2, 5, 19, 9, 4, 5]
BEST -> [2, 5, 19, 20]
BETTER -> [2, 5, 20, 20, 5, 18]
BETWEEN -> [2, 5, 20, 23, 5, 5, 14]
BEYOND -> [2, 5, 25, 15, 14, 4]
BIG -> [2, 9, 7]
BILL -> [2, 9, 12, 12]
BIND -> [2, 9, 14, 4]
BIRD -> [2, 9, 18, 4]
BIRTH -> [2, 9, 18, 20, 8]
BIT -> [2, 9, 20]
BLACK -> [2, 12, 1, 3, 11]
BLOCK -> [2, 12, 15, 3, 11]
BLOOD -> [2, 12, 15, 15, 4]
BLOODY -> [2, 12, 15, 15, 4, 25]
BLOW -> [2, 12, 15, 23]
BLUE -> [2, 12, 21, 5]
BOARD -> [2, 15, 1, 18, 4]
BOAT -> [2, 15, 1, 20]
BODY -> [2, 15, 4, 25]
BONE -> [2, 15, 14, 5]
BOOK -> [2, 15, 15, 11]
BORDER -> [2, 15, 18, 4, 5, 18]
BOTH -> [2, 15, 20, 8]
BOTTLE -> [2, 15, 20, 20, 12, 5]
BOTTOM -> [2, 15, 20, 20, 15, 13]
BOX -> [2, 15, 24]
BOY -> [2, 15, 25]
BRAIN -> [2, 18, 1, 9, 14]
BRANCH -> [2, 18, 1, 14, 3, 8]
BREAK -> [2, 18, 5, 1, 11]
BREATH -> [2, 18, 5, 1, 20, 8]
BRIDGE -> [2, 18, 9, 4, 7, 5]
BRIEF -> [2, 18, 9, 5, 6]
BRIGHT -> [2, 18, 9, 7, 8, 20]
BRING -> [2, 18, 9, 14, 7]
BROAD -> [2, 18, 15, 1, 4]
BROTHER -> [2, 18, 15, 20, 8, 5, 18]
BUDGET -> [2, 21, 4, 7, 5, 20]
BUILD -> [2, 21, 9, 12, 4]
BUILDING -> [2, 21, 9, 12, 4, 9, 14, 7]
BUILDING
BURN -> [2, 21, 18, 14]
BURN
BUS -> [2, 21, 19]
BUSINESS -> [2, 21, 19, 9, 14, 5, 19, 19]
BUSY -> [2, 21, 19, 25]
BUT -> [2, 21, 20]
BUY -> [2, 21, 25]
BY -> [2, 25]
CABINET -> [3, 1, 2, 9, 14, 5, 20]
CALL -> [3, 1, 12, 12]
CALL
CAMPAIGN -> [3, 1, 13, 16, 1, 9, 7, 14]
CAN -> [3, 1, 14]
CANDIDATE -> [3, 1, 14, 4, 9, 4, 1, 20, 5]
CAPABLE -> [3, 1, 16, 1, 2, 12, 5]
CAPACITY -> [3, 1, 16, 1, 3, 9, 20, 25]
CAPACITY
CAPITAL -> [3, 1, 16, 9, 20, 1, 12]
CAR -> [3, 1, 18]
CARD -> [3, 1, 18, 4]
CARE -> [3, 1, 18, 5]
CAREER -> [3, 1, 18, 5, 5, 18]
CAREFUL -> [3, 1, 18, 5, 6, 21, 12]
CAREFUL
CAREFULLY -> [3, 1, 18, 5, 6, 21, 12, 12, 25]
CARRY -> [3, 1, 18, 18, 25]
CASE -> [3, 1, 19, 5]
CASE
CASH -> [3, 1, 19, 8]
CAT -> [3, 1, 20]
CATCH -> [3, 1, 20, 3, 8]
CATEGORY -> [3, 1, 20, 5, 7, 15, 18, 25]
CAUSE -> [3, 1, 21, 19, 5]
CELL -> [3, 5, 12, 12]
CENTRAL -> [3, 5, 14, 20, 18, 1, 12]
CENTRE -> [3, 5, 14, 20, 18, 5]
CENTURY -> [3, 5, 14, 20, 21, 18, 25]
CERTAIN -> [3, 5, 18, 20, 1, 9, 14]
CERTAINLY -> [3, 5, 18, 20, 1, 9, 14, 12, 25]
CHAIN -> [3, 8, 1, 9, 14]
CHAIR -> [3, 8, 1, 9, 18]
CHAIRMAN -> [3, 8, 1, 9, 18, 13, 1, 14]
CHALLENGE -> [3, 8, 1, 12, 12, 5, 14, 7, 5]
CHANCE -> [3, 8, 1, 14, 3, 5]
CHANGE -> [3, 8, 1, 14, 7, 5]
CHANNEL -> [3, 8, 1, 14, 14, 5, 12]
CHAPTER -> [3, 8, 1, 16, 20, 5, 18]
CHARACTER -> [3, 8, 1, 18, 1, 3, 20, 5, 18]
CHARACTERISTIC -> [3, 8, 1, 18, 1, 3, 20, 5, 18, 9, 19, 20, 9, 3]
CHARGE -> [3, 8, 1, 18, 7, 5]
CHEAP -> [3, 8, 5, 1, 16]
CHECK -> [3, 8, 5, 3, 11]
CHEMICAL -> [3, 8, 5, 13, 9, 3, 1, 12]
CHIEF -> [3, 8, 9, 5, 6]
CHILD -> [3, 8, 9, 12, 4]
CHOICE -> [3, 8, 15, 9, 3, 5]
CHOOSE -> [3, 8, 15, 15, 19, 5]
CHURCH -> [3, 8, 21, 18, 3, 8]
CIRCLE -> [3, 9, 18, 3, 12, 5]
CIRCUMSTANCE -> [3, 9, 18, 3, 21, 13, 19, 20, 1, 14, 3, 5]
CITIZEN -> [3, 9, 20, 9, 26, 5, 14]
CITY -> [3, 9, 20, 25]
CIVIL -> [3, 9, 22, 9, 12]
CIVIL
CLAIM -> [3, 12, 1, 9, 13]
CLASS -> [3, 12, 1, 19, 19]
CLEAN -> [3, 12, 5, 1, 14]
CLEAR -> [3, 12, 5, 1, 18]
CLEARLY -> [3, 12, 5, 1, 18, 12, 25]
CLIENT -> [3, 12, 9, 5, 14, 20]
CLIMB -> [3, 12, 9, 13, 2]
CLOSE -> [3, 12, 15, 19, 5]
CLOSELY -> [3, 12, 15, 19, 5, 12, 25]
CLOSELY
CLOTHES -> [3, 12, 15, 20, 8, 5, 19]
CLUB -> [3, 12, 21, 2]
COAL -> [3, 15, 1, 12]
CODE -> [3, 15, 4, 5]
COFFEE -> [3, 15, 6, 6, 5, 5]
COLD -> [3, 15, 12, 4]
COLLEAGUE -> [3, 15, 12, 12, 5, 1, 7, 21, 5]
COLLECT -> [3, 15, 12, 12, 5, 3, 20]
COLLECTION -> [3, 15, 12, 12, 5, 3, 20, 9, 15, 14]
COLLEGE -> [3, 15, 12, 12, 5, 7, 5]
COLOUR -> [3, 15, 12, 15, 21, 18]
COMBINATION -> [3, 15, 13, 2, 9, 14, 1, 20, 9, 15, 14]
COMBINE -> [3, 15, 13, 2, 9, 14, 5]
COME -> [3, 15, 13, 5]
COMMENT -> [3, 15, 13, 13, 5, 14, 20]
COMMERCIAL -> [3, 15, 13, 13, 5, 18, 3, 9, 1, 12]
COMMISSION -> [3, 15, 13, 13, 9, 19, 19, 9, 15, 14]
COMMIT -> [3, 15, 13, 13, 9, 20]
COMMITMENT -> [3, 15, 13, 13, 9, 20, 13, 5, 14, 20]
COMMITTEE -> [3, 15, 13, 13, 9, 20, 20, 5, 5]
COMMON -> [3, 15, 13, 13, 15, 14]
COMMUNICATION -> [3, 15, 13, 13, 21, 14, 9, 3, 1, 20, 9, 15, 14]
COMMUNITY -> [3, 15, 13, 13, 21, 14, 9, 20, 25]
COMPANY -> [3, 15, 13, 16, 1, 14, 25]
COMPARE -> [3, 15, 13, 16, 1, 18, 5]
COMPARISON -> [3, 15, 13, 16, 1, 18, 9, 19, 15, 14]
COMPETITION -> [3, 15, 13, 16, 5, 20, 9, 20, 9, 15, 14]
COMPLETE -> [3, 15, 13, 16, 12, 5, 20, 5]
COMPLETELY -> [3, 15, 13, 16, 12, 5, 20, 5, 12, 25]
COMPLEX -> [3, 15, 13, 16, 12, 5, 24]
COMPONENT -> [3, 15, 13, 16, 15, 14, 5, 14, 20]
COMPUTER -> [3, 15, 13, 16, 21, 20, 5, 18]
CONCENTRATE -> [3, 15, 14, 3, 5, 14, 20, 18, 1, 20, 5]
CONCENTRATION -> [3, 15, 14, 3, 5, 14, 20, 18, 1, 20, 9, 15, 14]
CONCEPT -> [3, 15, 14, 3, 5, 16, 20]
CONCERN -> [3, 15, 14, 3, 5, 18, 14]
CONCERNED -> [3, 15, 14, 3, 5, 18, 14, 5, 4]
CONCLUDE -> [3, 15, 14, 3, 12, 21, 4, 5]
CONCLUSION -> [3, 15, 14, 3, 12, 21, 19, 9, 15, 14]
CONDITION -> [3, 15, 14, 4, 9, 20, 9, 15, 14]
CONDUCT -> [3, 15, 14, 4, 21, 3, 20]
CONFERENCE -> [3, 15, 14, 6, 5, 18, 5, 14, 3, 5]
CONFIDENCE -> [3, 15, 14, 6, 9, 4, 5, 14, 3, 5]
CONFIDENCE
CONFIRM -> [3, 15, 14, 6, 9, 18, 13]
CONFIRM
CONFLICT -> [3, 15, 14, 6, 12, 9, 3, 20]
CONGRESS -> [3, 15, 14, 7, 18, 5, 19, 19]
CONNECT -> [3, 15, 14, 14, 5, 3, 20]
CONNECTION -> [3, 15, 14, 14, 5, 3, 20, 9, 15, 14]
CONSEQUENCE -> [3, 15, 14, 19, 5, 17, 21, 5, 14, 3, 5]
CONSERVATIVE -> [3, 15, 14, 19, 5, 18, 22, 1, 20, 9, 22, 5]
CONSERVATIVE
CONSIDER -> [3, 15, 14, 19, 9, 4, 5, 18]
CONSIDERABLE -> [3, 15, 14, 19, 9, 4, 5, 18, 1, 2, 12, 5]
CONSIDERATION -> [3, 15, 14, 19, 9, 4, 5, 18, 1, 20, 9, 15, 14]
CONSIST -> [3, 15, 14, 19, 9, 19, 20]
CONSTANT -> [3, 15, 14, 19, 20, 1, 14, 20]
CONSTRUCTION -> [3, 15, 14, 19, 20, 18, 21, 3, 20, 9, 15, 14]
CONSTRUCTION
CONSUMER -> [3, 15, 14, 19, 21, 13, 5, 18]
CONTACT -> [3, 15, 14, 20, 1, 3, 20]
CONTAIN -> [3, 15, 14, 20, 1, 9, 14]
CONTENT -> [3, 15, 14, 20, 5, 14, 20]
CONTENT
CONTEXT -> [3, 15, 14, 20, 5, 24, 20]
CONTINUE -> [3, 15, 14, 20, 9, 14, 21, 5]
CONTRACT -> [3, 15, 14, 20, 18, 1, 3, 20]
CONTRAST -> [3, 15, 14, 20, 18, 1, 19, 20]
CONTRIBUTE -> [3, 15, 14, 20, 18, 9, 2, 21, 20, 5]
CONTRIBUTION -> [3, 15, 14, 20, 18, 9, 2, 21, 20, 9, 15, 14]
CONTROL -> [3, 15, 14, 20, 18, 15, 12]
CONVENTION -> [3, 15, 14, 22, 5, 14, 20, 9, 15, 14]
CONVERSATION -> [3, 15, 14, 22, 5, 18, 19, 1, 20, 9, 15, 14]
COPY -> [3, 15, 16, 25]
CORNER -> [3, 15, 18, 14, 5, 18]
CORPORATE -> [3, 15, 18, 16, 15, 18, 1, 20, 5]
CORRECT -> [3, 15, 18, 18, 5, 3, 20]
COS -> [3, 15, 19]
COST -> [3, 15, 19, 20]
COULD -> [3, 15, 21, 12, 4]
COULD
COUNCIL -> [3, 15, 21, 14, 3, 9, 12]
COUNT -> [3, 15, 21, 14, 20]
COUNTRY -> [3, 15, 21, 14, 20, 18, 25]
COUNTY -> [3, 15, 21, 14, 20, 25]
COUPLE -> [3, 15, 21, 16, 12, 5]
COURSE -> [3, 15, 21, 18, 19, 5]
COURT -> [3, 15, 21, 18, 20]
COVER -> [3, 15, 22, 5, 18]
CREATE -> [3, 18, 5, 1, 20, 5]
CREATION -> [3, 18, 5, 1, 20, 9, 15, 14]
CREDIT -> [3, 18, 5, 4, 9, 20]
CRIME -> [3, 18, 9, 13, 5]
CRIMINAL -> [3, 18, 9, 13, 9, 14, 1, 12]
CRISIS -> [3, 18, 9, 19, 9, 19]
CRITERION -> [3, 18, 9, 20, 5, 18, 9, 15, 14]
CRITICAL -> [3, 18, 9, 20, 9, 3, 1, 12]
CRITICISM -> [3, 18, 9, 20, 9, 3, 9, 19, 13]
CROSS -> [3, 18, 15, 19, 19]
CROWD -> [3, 18, 15, 23, 4]
CRY -> [3, 18, 25]
CULTURAL -> [3, 21, 12, 20, 21, 18, 1, 12]
CULTURE -> [3, 21, 12, 20, 21, 18, 5]
CUP -> [3, 21, 16]
CURRENT -> [3, 21, 18, 18, 5, 14, 20]
CURRENTLY -> [3, 21, 18, 18, 5, 14, 20, 12, 25]
CURRENTLY
CURRICULUM -> [3, 21, 18, 18, 9, 3, 21, 12, 21, 13]
CUSTOMER -> [3, 21, 19, 20, 15, 13, 5, 18]
CUT -> [3, 21, 20]
DAMAGE -> [4, 1, 13, 1, 7, 5]
DANGER -> [4, 1, 14, 7, 5, 18]
DANGEROUS -> [4, 1, 14, 7, 5, 18, 15, 21, 19]
DARK -> [4, 1, 18, 11]
DATA -> [4, 1, 20, 1]
DATE -> [4, 1, 20, 5]
DAUGHTER -> [4, 1, 21, 7, 8, 20, 5, 18]
DAY -> [4, 1, 25]
DEAD -> [4, 5, 1, 4]
DEAL -> [4, 5, 1, 12]
DEATH -> [4, 5, 1, 20, 8]
DEBATE -> [4, 5, 2, 1, 20, 5]
DEBT -> [4, 5, 2, 20]
DECADE -> [4, 5, 3, 1, 4, 5]
DECIDE -> [4, 5, 3, 9, 4, 5]
DECISION -> [4, 5, 3, 9, 19, 9, 15, 14]
DECISION
DECLARE -> [4, 5, 3, 12, 1, 18, 5]
DEEP -> [4, 5, 5, 16]
DEFENCE -> [4, 5, 6, 5, 14, 3, 5]
DEFENDANT -> [4, 5, 6, 5, 14, 4, 1, 14, 20]
DEFINE -> [4, 5, 6, 9, 14, 5]
DEFINITION -> [4, 5, 6, 9, 14, 9, 20, 9, 15, 14]
DEFINITION
DEGREE -> [4, 5, 7, 18, 5, 5]
DELIVER -> [4, 5, 12, 9, 22, 5, 18]
DEMAND -> [4, 5, 13, 1, 14, 4]
DEMOCRATIC -> [4, 5, 13, 15, 3, 18, 1, 20, 9, 3]
DEMOCRATIC
DEMONSTRATE -> [4, 5, 13, 15, 14, 19, 20, 18, 1, 20, 5]
DENY -> [4, 5, 14, 25]
DEPARTMENT -> [4, 5, 16, 1, 18, 20, 13, 5, 14, 20]
DEPEND -> [4, 5, 16, 5, 14, 4]
DEPUTY -> [4, 5, 16, 21, 20, 25]
DEPUTY
DERIVE -> [4, 5, 18, 9, 22, 5]
DESCRIBE -> [4, 5, 19, 3, 18, 9, 2, 5]
DESCRIPTION -> [4, 5, 19, 3, 18, 9, 16, 20, 9, 15, 14]
DESIGN -> [4, 5, 19, 9, 7, 14]
DESIRE -> [4, 5, 19, 9, 18, 5]
DESK -> [4, 5, 19, 11]
DESPITE -> [4, 5, 19, 16, 9, 20, 5]
DESPITE
DESTROY -> [4, 5, 19, 20, 18, 15, 25]
DETAIL -> [4, 5, 20, 1, 9, 12]
DETAILED -> [4, 5, 20, 1, 9, 12, 5, 4]
DETERMINE -> [4, 5, 20, 5, 18, 13, 9, 14, 5]
DEVELOP -> [4, 5, 22, 5, 12, 15, 16]
DEVELOPMENT -> [4, 5, 22, 5, 12, 15, 16, 13, 5, 14, 20]
DEVICE -> [4, 5, 22, 9, 3, 5]
DIE -> [4, 9, 5]
DIFFERENCE -> [4, 9, 6, 6, 5, 18, 5, 14, 3, 5]
DIFFERENT -> [4, 9, 6, 6, 5, 18, 5, 14, 20]
DIFFICULT -> [4, 9, 6, 6, 9, 3, 21, 12, 20]
DIFFICULTY -> [4, 9, 6, 6, 9, 3, 21, 12, 20, 25]
DINNER -> [4, 9, 14, 14, 5, 18]
DIRECT -> [4, 9, 18, 5, 3, 20]
DIRECTION -> [4, 9, 18, 5, 3, 20, 9, 15, 14]
DIRECTLY -> [4, 9, 18, 5, 3, 20, 12, 25]
DIRECTOR -> [4, 9, 18, 5, 3, 20, 15, 18]
DISAPPEAR -> [4, 9, 19, 1, 16, 16, 5, 1, 18]
DISCIPLINE -> [4, 9, 19, 3, 9, 16, 12, 9, 14, 5]
DISCOVER -> [4, 9, 19, 3, 15, 22, 5, 18]
DISCUSS -> [4, 9, 19, 3, 21, 19, 19]
DISCUSSION -> [4, 9, 19, 3, 21, 19, 19, 9, 15, 14]
DISEASE -> [4, 9, 19, 5, 1, 19, 5]
DISPLAY -> [4, 9, 19, 16, 12, 1, 25]
DISTANCE -> [4, 9, 19, 20, 1, 14, 3, 5]
DISTINCTION -> [4, 9, 19, 20, 9, 14, 3, 20, 9, 15, 14]
DISTINCTION
DISTRIBUTION -> [4, 9, 19, 20, 18, 9, 2, 21, 20, 9, 15, 14]
DISTRICT -> [4, 9, 19, 20, 18, 9, 3, 20]
DIVIDE -> [4, 9, 22, 9, 4, 5]
DIVISION -> [4, 9, 22, 9, 19, 9, 15, 14]
DO -> [4, 15]
DOCTOR -> [4, 15, 3, 20, 15, 18]
DOCUMENT -> [4, 15, 3, 21, 13, 5, 14, 20]
DOG -> [4, 15, 7]
DOMESTIC -> [4, 15, 13, 5, 19, 20, 9, 3]
DOOR -> [4, 15, 15, 18]
DOUBLE -> [4, 15, 21, 2, 12, 5]
DOUBT -> [4, 15, 21, 2, 20]
DOWN -> [4, 15, 23, 14]
DRAW -> [4, 18, 1, 23]
DRAWING -> [4, 18, 1, 23, 9, 14, 7]
DREAM -> [4, 18, 5, 1, 13]
DRESS -> [4, 18, 5, 19, 19]
DRINK -> [4, 18, 9, 14, 11]
DRIVE -> [4, 18, 9, 22, 5]
DRIVER -> [4, 18, 9, 22, 5, 18]
DROP -> [4, 18, 15, 16]
DRUG -> [4, 18, 21, 7]
DRY -> [4, 18, 25]
DUE -> [4, 21, 5]
DURING -> [4, 21, 18, 9, 14, 7]
DUTY -> [4, 21, 20, 25]
EACH -> [5, 1, 3, 8]
EAR -> [5, 1, 18]
EARLY -> [5, 1, 18, 12, 25]
EARN -> [5, 1, 18, 14]
EARTH -> [5, 1, 18, 20, 8]
EASILY -> [5, 1, 19, 9, 12, 25]
EAST -> [5, 1, 19, 20]
EASY -> [5, 1, 19, 25]
EAT -> [5, 1, 20]
ECONOMIC -> [5, 3, 15, 14, 15, 13, 9, 3]
ECONOMY -> [5, 3, 15, 14, 15, 13, 25]
EDGE -> [5, 4, 7, 5]
EDGE
EDITOR -> [5, 4, 9, 20, 15, 18]
EDUCATION -> [5, 4, 21, 3, 1, 20, 9, 15, 14]
EDUCATIONAL -> [5, 4, 21, 3, 1, 20, 9, 15, 14, 1, 12]
EDUCATIONAL
EFFECT -> [5, 6, 6, 5, 3, 20]
EFFECTIVE -> [5, 6, 6, 5, 3, 20, 9, 22, 5]
EFFECTIVELY -> [5, 6, 6, 5, 3, 20, 9, 22, 5, 12, 25]
EFFORT -> [5, 6, 6, 15, 18, 20]
EGG -> [5, 7, 7]
EITHER -> [5, 9, 20, 8, 5, 18]
ELDERLY -> [5, 12, 4, 5, 18, 12, 25]
ELECTION -> [5, 12, 5, 3, 20, 9, 15, 14]
ELEMENT -> [5, 12, 5, 13, 5, 14, 20]
ELSE -> [5, 12, 19, 5]
ELSEWHERE -> [5, 12, 19, 5, 23, 8, 5, 18, 5]
EMERGE -> [5, 13, 5, 18, 7, 5]
EMPHASIS -> [5, 13, 16, 8, 1, 19, 9, 19]
EMPLOY -> [5, 13, 16, 12, 15, 25]
EMPLOYEE -> [5, 13, 16, 12, 15, 25, 5, 5]
EMPLOYER -> [5, 13, 16, 12, 15, 25, 5, 18]
EMPLOYMENT -> [5, 13, 16, 12, 15, 25, 13, 5, 14, 20]
EMPTY -> [5, 13, 16, 20, 25]
ENABLE -> [5, 14, 1, 2, 12, 5]
ENCOURAGE -> [5, 14, 3, 15, 21, 18, 1, 7, 5]
END -> [5, 14, 4]
ENEMY -> [5, 14, 5, 13, 25]
ENERGY -> [5, 14, 5, 18, 7, 25]
ENGINE -> [5, 14, 7, 9, 14, 5]
ENGINEERING -> [5, 14, 7, 9, 14, 5, 5, 18, 9, 14, 7]
ENJOY -> [5, 14, 10, 15, 25]
ENOUGH -> [5, 14, 15, 21, 7, 8]
ENSURE -> [5, 14, 19, 21, 18, 5]
ENTER -> [5, 14, 20, 5, 18]
ENTERPRISE -> [5, 14, 20, 5, 18, 16, 18, 9, 19, 5]
ENTIRE -> [5, 14, 20, 9, 18, 5]
ENTIRELY -> [5, 14, 20, 9, 18, 5, 12, 25]
ENTITLE -> [5, 14, 20, 9, 20, 12, 5]
ENTRY -> [5, 14, 20, 18, 25]
ENVIRONMENT -> [5, 14, 22, 9, 18, 15, 14, 13, 5, 14, 20]
ENVIRONMENTAL -> [5, 14, 22, 9, 18, 15, 14, 13, 5, 14, 20, 1, 12]
EQUAL -> [5, 17, 21, 1, 12]
EQUALLY -> [5, 17, 21, 1, 12, 12, 25]
EQUIPMENT -> [5, 17, 21, 9, 16, 13, 5, 14, 20]
EQUIPMENT
ERROR -> [5, 18, 18, 15, 18]
ESCAPE -> [5, 19, 3, 1, 16, 5]
ESPECIALLY -> [5, 19, 16, 5, 3, 9, 1, 12, 12, 25]
ESSENTIAL -> [5, 19, 19, 5, 14, 20, 9, 1, 12]
ESTABLISH -> [5, 19, 20, 1, 2, 12, 9, 19, 8]
ESTABLISHMENT -> [5, 19, 20, 1, 2, 12, 9, 19, 8, 13, 5, 14, 20]
ESTATE -> [5, 19, 20, 1, 20, 5]
ESTIMATE -> [5, 19, 20, 9, 13, 1, 20, 5]
EVEN -> [5, 22, 5, 14]
EVENING -> [5, 22, 5, 14, 9, 14, 7]
EVENT -> [5, 22, 5, 14, 20]
EVENT
EVENTUALLY -> [5, 22, 5, 14, 20, 21, 1, 12, 12, 25]
EVER -> [5, 22, 5, 18]
EVERY -> [5, 22, 5, 18, 25]
EVERYBODY -> [5, 22, 5, 18, 25, 2, 15, 4, 25]
EVERYONE -> [5, 22, 5, 18, 25, 15, 14, 5]
EVERYTHING -> [5, 22, 5, 18, 25, 20, 8, 9, 14, 7]
EVIDENCE -> [5, 22, 9, 4, 5, 14, 3, 5]
EXACTLY -> [5, 24, 1, 3, 20, 12, 25]
EXAMINATION -> [5, 24, 1, 13, 9, 14, 1, 20, 9, 15, 14]
EXAMINE -> [5, 24, 1, 13, 9, 14, 5]
EXAMPLE -> [5, 24, 1, 13, 16, 12, 5]
EXCELLENT -> [5, 24, 3, 5, 12, 12, 5, 14, 20]
EXCEPT -> [5, 24, 3, 5, 16, 20]
EXCHANGE -> [5, 24, 3, 8, 1, 14, 7, 5]
EXECUTIVE -> [5, 24, 5, 3, 21, 20, 9, 22, 5]
EXERCISE -> [5, 24, 5, 18, 3, 9, 19, 5]
EXHIBITION -> [5, 24, 8, 9, 2, 9, 20, 9, 15, 14]
EXIST -> [5, 24, 9, 19, 20]
EXISTENCE -> [5, 24, 9, 19, 20, 5, 14, 3, 5]
EXISTING -> [5, 24, 9, 19, 20, 9, 14, 7]
EXPECT -> [5, 24, 16, 5, 3, 20]
EXPECTATION -> [5, 24, 16, 5, 3, 20, 1, 20, 9, 15, 14]
EXPENDITURE -> [5, 24, 16, 5, 14, 4, 9, 20, 21, 18, 5]
EXPENSE -> [5, 24, 16, 5, 14, 19, 5]
EXPENSIVE -> [5, 24, 16, 5, 14, 19, 9, 22, 5]
EXPERIENCE -> [5, 24, 16, 5, 18, 9, 5, 14, 3, 5]
EXPERIMENT -> [5, 24, 16, 5, 18, 9, 13, 5, 14, 20]
EXPERT -> [5, 24, 16, 5, 18, 20]
EXPLAIN -> [5, 24, 16, 12, 1, 9, 14]
EXPLANATION -> [5, 24, 16, 12, 1, 14, 1, 20, 9, 15, 14]
EXPLORE -> [5, 24, 16, 12, 15, 18, 5]
EXPRESS -> [5, 24, 16, 18, 5, 19, 19]
EXPRESSION -> [5, 24, 16, 18, 5, 19, 19, 9, 15, 14]
EXTEND -> [5, 24, 20, 5, 14, 4]
EXTENT -> [5, 24, 20, 5, 14, 20]
EXTERNAL -> [5, 24, 20, 5, 18, 14, 1, 12]
EXTRA -> [5, 24, 20, 18, 1]
EXTREMELY -> [5, 24, 20, 18, 5, 13, 5, 12, 25]
EYE -> [5, 25, 5]
FACE -> [6, 1, 3, 5]
FACE
FACILITY -> [6, 1, 3, 9, 12, 9, 20, 25]
FACT -> [6, 1, 3, 20]
FACTOR -> [6, 1, 3, 20, 15, 18]
FACTORY -> [6, 1, 3, 20, 15, 18, 25]
FAIL -> [6, 1, 9, 12]
FAIL
FAILURE -> [6, 1, 9, 12, 21, 18, 5]
FAIR -> [6, 1, 9, 18]
FAIRLY -> [6, 1, 9, 18, 12, 25]
FAITH -> [6, 1, 9, 20, 8]
FALL -> [6, 1, 12, 12]
FAMILIAR -> [6, 1, 13, 9, 12, 9, 1, 18]
FAMILY -> [6, 1, 13, 9, 12, 25]
FAMILY
FAMOUS -> [6, 1, 13, 15, 21, 19]
FAR -> [6, 1, 18]
FARM -> [6, 1, 18, 13]
FARMER -> [6, 1, 18, 13, 5, 18]
FASHION -> [6, 1, 19, 8, 9, 15, 14]
FAST -> [6, 1, 19, 20]
FATHER -> [6, 1, 20, 8, 5, 18]
FAVOUR -> [6, 1, 22, 15, 21, 18]
FEAR -> [6, 5, 1, 18]
FEATURE -> [6, 5, 1, 20, 21, 18, 5]
FEE -> [6, 5, 5]
FEEL -> [6, 5, 5, 12]
FEEL
FEELING -> [6, 5, 5, 12, 9, 14, 7]
FEMALE -> [6, 5, 13, 1, 12, 5]
FEW -> [6, 5, 23]
FIELD -> [6, 9, 5, 12, 4]
FIGHT -> [6, 9, 7, 8, 20]
FIGURE -> [6, 9, 7, 21, 18, 5]
FIGURE
FILE -> [6, 9, 12, 5]
FILL -> [6, 9, 12, 12]
FILM -> [6, 9, 12, 13]
FINAL -> [6, 9, 14, 1, 12]
FINALLY -> [6, 9, 14, 1, 12, 12, 25]
FINANCE -> [6, 9, 14, 1, 14, 3, 5]
FINANCIAL -> [6, 9, 14, 1, 14, 3, 9, 1, 12]
FIND -> [6, 9, 14, 4]
FINDING -> [6, 9, 14, 4, 9, 14, 7]
FINE -> [6, 9, 14, 5]
FINGER -> [6, 9, 14, 7, 5, 18]
FINISH -> [6, 9, 14, 9, 19, 8]
FIRE -> [6, 9, 18, 5]
FIRM -> [6, 9, 18, 13]
FIRST -> [6, 9, 18, 19, 20]
FISH -> [6, 9, 19, 8]
FIT -> [6, 9, 20]
FIX -> [6, 9, 24]
FLAT -> [6, 12, 1, 20]
FLIGHT -> [6, 12, 9, 7, 8, 20]
FLOOR -> [6, 12, 15, 15, 18]
FLOOR
FLOW -> [6, 12, 15, 23]
FLOWER -> [6, 12, 15, 23, 5, 18]
FLY -> [6, 12, 25]
FOCUS -> [6, 15, 3, 21, 19]
FOLLOW -> [6, 15, 12, 12, 15, 23]
FOLLOWING -> [6, 15, 12, 12, 15, 23, 9, 14, 7]
FOOD -> [6, 15, 15, 4]
FOOT -> [6, 15, 15, 20]
FOOTBALL -> [6, 15, 15, 20, 2, 1, 12, 12]
FOR -> [6, 15, 18]
FORCE -> [6, 15, 18, 3, 5]
FOREIGN -> [6, 15, 18, 5, 9, 7, 14]
FOREST -> [6, 15, 18, 5, 19, 20]
FORGET -> [6, 15, 18, 7, 5, 20]
FORM -> [6, 15, 18, 13]
FORMAL -> [6, 15, 18, 13, 1, 12]
FORMER -> [6, 15, 18, 13, 5, 18]
FORWARD -> [6, 15, 18, 23, 1, 18, 4]
FOUNDATION -> [6, 15, 21, 14, 4, 1, 20, 9, 15, 14]
FREE -> [6, 18, 5, 5]
FREEDOM -> [6, 18, 5, 5, 4, 15, 13]
FREEDOM
FREQUENTLY -> [6, 18, 5, 17, 21, 5, 14, 20, 12, 25]
FRESH -> [6, 18, 5, 19, 8]
FRIEND -> [6, 18, 9, 5, 14, 4]
FROM -> [6, 18, 15, 13]
FRONT -> [6, 18, 15, 14, 20]
FRUIT -> [6, 18, 21, 9, 20]
FUEL -> [6, 21, 5, 12]
FULL -> [6, 21, 12, 12]
FULLY -> [6, 21, 12, 12, 25]
FUNCTION -> [6, 21, 14, 3, 20, 9, 15, 14]
FUND -> [6, 21, 14, 4]
FUNNY -> [6, 21, 14, 14, 25]
FURTHER -> [6, 21, 18, 20, 8, 5, 18]
FUTURE -> [6, 21, 20, 21, 18, 5]
FUTURE
GAIN -> [7, 1, 9, 14]
GAME -> [7, 1, 13, 5]
GARDEN -> [7, 1, 18, 4, 5, 14]
GAS -> [7, 1, 19]
GATE -> [7, 1, 20, 5]
GATHER -> [7, 1, 20, 8, 5, 18]
GENERAL -> [7, 5, 14, 5, 18, 1, 12]
GENERALLY -> [7, 5, 14, 5, 18, 1, 12, 12, 25]
GENERATE -> [7, 5, 14, 5, 18, 1, 20, 5]
GENERATION -> [7, 5, 14, 5, 18, 1, 20, 9, 15, 14]
GENTLEMAN -> [7, 5, 14, 20, 12, 5, 13, 1, 14]
GENTLEMAN
GET -> [7, 5, 20]
GIRL -> [7, 9, 18, 12]
GIVE -> [7, 9, 22, 5]
GLASS -> [7, 12, 1, 19, 19]
GO -> [7, 15]
GOAL -> [7, 15, 1, 12]
GOD -> [7, 15, 4]
GOLD -> [7, 15, 12, 4]
GOOD -> [7, 15, 15, 4]
GOVERNMENT -> [7, 15, 22, 5, 18, 14, 13, 5, 14, 20]
GRANT -> [7, 18, 1, 14, 20]
GREAT -> [7, 18, 5, 1, 20]
GREEN -> [7, 18, 5, 5, 14]
GREY -> [7, 18, 5, 25]
GREY
GROUND -> [7, 18, 15, 21, 14, 4]
GROUP -> [7, 18, 15, 21, 16]
GROW -> [7, 18, 15, 23]
GROWING -> [7, 18, 15, 23, 9, 14, 7]
GROWTH -> [7, 18, 15, 23, 20, 8]
GROWTH
GUEST -> [7, 21, 5, 19, 20]
GUIDE -> [7, 21, 9, 4, 5]
GUN -> [7, 21, 14]
HAIR -> [8, 1, 9, 18]
HALF -> [8, 1, 12, 6]
HALL -> [8, 1, 12, 12]
HAND -> [8, 1, 14, 4]
HANDLE -> [8, 1, 14, 4, 12, 5]
HANG -> [8, 1, 14, 7]
HAPPEN -> [8, 1, 16, 16, 5, 14]
HAPPY -> [8, 1, 16, 16, 25]
HAPPY
HARD -> [8, 1, 18, 4]
HARDLY -> [8, 1, 18, 4, 12, 25]
HATE -> [8, 1, 20, 5]
HAVE -> [8, 1, 22, 5]
HE -> [8, 5]
HEAD -> [8, 5, 1, 4]
HEALTH -> [8, 5, 1, 12, 20, 8]
HEAR -> [8, 5, 1, 18]
HEART -> [8, 5, 1, 18, 20]
HEAT -> [8, 5, 1, 20]
HEAVY -> [8, 5, 1, 22, 25]
HELL -> [8, 5, 12, 12]
HELP -> [8, 5, 12, 16]
HENCE -> [8, 5, 14, 3, 5]
HER -> [8, 5, 18]
HERE -> [8, 5, 18, 5]
HERSELF -> [8, 5, 18, 19, 5, 12, 6]
HIDE -> [8, 9, 4, 5]
HIGH -> [8, 9, 7, 8]
HIGHLY -> [8, 9, 7, 8, 12, 25]
HILL -> [8, 9, 12, 12]
HIM -> [8, 9, 13]
HIMSELF -> [8, 9, 13, 19, 5, 12, 6]
HIS -> [8, 9, 19]
HISTORICAL -> [8, 9, 19, 20, 15, 18, 9, 3, 1, 12]
HISTORY -> [8, 9, 19, 20, 15, 18, 25]
HIT -> [8, 9, 20]
HOLD -> [8, 15, 12, 4]
HOLE -> [8, 15, 12, 5]
HOLIDAY -> [8, 15, 12, 9, 4, 1, 25]
HOME -> [8, 15, 13, 5]
HOPE -> [8, 15, 16, 5]
HORSE -> [8, 15, 18, 19, 5]
HOSPITAL -> [8, 15, 19, 16, 9, 20, 1, 12]
HOT -> [8, 15, 20]
HOTEL -> [8, 15, 20, 5, 12]
HOUR -> [8, 15, 21, 18]
HOUSE -> [8, 15, 21, 19, 5]
HOUSEHOLD -> [8, 15, 21, 19, 5, 8, 15, 12, 4]
HOUSING -> [8, 15, 21, 19, 9, 14, 7]
HOW -> [8, 15, 23]
HOWEVER -> [8, 15, 23, 5, 22, 5, 18]
HUGE -> [8, 21, 7, 5]
HUMAN -> [8, 21, 13, 1, 14]
HURT -> [8, 21, 18, 20]
HUSBAND -> [8, 21, 19, 2, 1, 14, 4]
I -> [9]
IDEA -> [9, 4, 5, 1]
IDENTIFY -> [9, 4, 5, 14, 20, 9, 6, 25]
IF -> [9, 6]
IF
IGNORE -> [9, 7, 14, 15, 18, 5]
ILLUSTRATE -> [9, 12, 12, 21, 19, 20, 18, 1, 20, 5]
IMAGE -> [9, 13, 1, 7, 5]
IMAGINE -> [9, 13, 1, 7, 9, 14, 5]
IMMEDIATE -> [9, 13, 13, 5, 4, 9, 1, 20, 5]
IMMEDIATELY -> [9, 13, 13, 5, 4, 9, 1, 20, 5, 12, 25]
IMPACT -> [9, 13, 16, 1, 3, 20]
IMPLICATION -> [9, 13, 16, 12, 9, 3, 1, 20, 9, 15, 14]
IMPLY -> [9, 13, 16, 12, 25]
IMPORTANCE -> [9, 13, 16, 15, 18, 20, 1, 14, 3, 5]
IMPORTANT -> [9, 13, 16, 15, 18, 20, 1, 14, 20]
IMPOSE -> [9, 13, 16, 15, 19, 5]
IMPOSSIBLE -> [9, 13, 16, 15, 19, 19, 9, 2, 12, 5]
IMPRESSION -> [9, 13, 16, 18, 5, 19, 19, 9, 15, 14]
IMPROVE -> [9, 13, 16, 18, 15, 22, 5]
IMPROVEMENT -> [9, 13, 16, 18, 15, 22, 5, 13, 5, 14, 20]
IN -> [9, 14]
INCIDENT -> [9, 14, 3, 9, 4, 5, 14, 20]
INCIDENT
INCLUDE -> [9, 14, 3, 12, 21, 4, 5]
INCLUDING -> [9, 14, 3, 12, 21, 4, 9, 14, 7]
INCOME -> [9, 14, 3, 15, 13, 5]
INCREASE -> [9, 14, 3, 18, 5, 1, 19, 5]
INCREASED -> [9, 14, 3, 18, 5, 1, 19, 5, 4]
INCREASED
INCREASINGLY -> [9, 14, 3, 18, 5, 1, 19, 9, 14, 7, 12, 25]
INCREASINGLY
INDEED -> [9, 14, 4, 5, 5, 4]
INDEPENDENT -> [9, 14, 4, 5, 16, 5, 14, 4, 5, 14, 20]
INDEX -> [9, 14, 4, 5, 24]
INDICATE -> [9, 14, 4, 9, 3, 1, 20, 5]
INDIVIDUAL -> [9, 14, 4, 9, 22, 9, 4, 21, 1, 12]
INDIVIDUAL
INDUSTRIAL -> [9, 14, 4, 21, 19, 20, 18, 9, 1, 12]
INDUSTRY -> [9, 14, 4, 21, 19, 20, 18, 25]
INFLUENCE -> [9, 14, 6, 12, 21, 5, 14, 3, 5]
INFORM -> [9, 14, 6, 15, 18, 13]
INFORMATION -> [9, 14, 6, 15, 18, 13, 1, 20, 9, 15, 14]
INITIAL -> [9, 14, 9, 20, 9, 1, 12]
INITIATIVE -> [9, 14, 9, 20, 9, 1, 20, 9, 22, 5]
INJURY -> [9, 14, 10, 21, 18, 25]
INSIDE -> [9, 14, 19, 9, 4, 5]
INSIST -> [9, 14, 19, 9, 19, 20]
INSTANCE -> [9, 14, 19, 20, 1, 14, 3, 5]
INSTEAD -> [9, 14, 19, 20, 5, 1, 4]
INSTITUTE -> [9, 14, 19, 20, 9, 20, 21, 20, 5]
INSTITUTION -> [9, 14, 19, 20, 9, 20, 21, 20, 9, 15, 14]
INSTRUCTION -> [9, 14, 19, 20, 18, 21, 3, 20, 9, 15, 14]
INSTRUMENT -> [9, 14, 19, 20, 18, 21, 13, 5, 14, 20]
INSTRUMENT
INSURANCE -> [9, 14, 19, 21, 18, 1, 14, 3, 5]
INTEND -> [9, 14, 20, 5, 14, 4]
INTEND
INTENTION -> [9, 14, 20, 5, 14, 20, 9, 15, 14]
INTENTION
INTEREST -> [9, 14, 20, 5, 18, 5, 19, 20]
INTERESTED -> [9, 14, 20, 5, 18, 5, 19, 20, 5, 4]
INTERESTING -> [9, 14, 20, 5, 18, 5, 19, 20, 9, 14, 7]
INTERNAL -> [9, 14, 20, 5, 18, 14, 1, 12]
INTERNATIONAL -> [9, 14, 20, 5, 18, 14, 1, 20, 9, 15, 14, 1, 12]
INTERPRETATION -> [9, 14, 20, 5, 18, 16, 18, 5, 20, 1, 20, 9, 15, 14]
INTERVIEW -> [9, 14, 20, 5, 18, 22, 9, 5, 23]
INTO -> [9, 14, 20, 15]
INTRODUCE -> [9, 14, 20, 18, 15, 4, 21, 3, 5]
INTRODUCTION -> [9, 14, 20, 18, 15, 4, 21, 3, 20, 9, 15, 14]
INVESTIGATE -> [9, 14, 22, 5, 19, 20, 9, 7, 1, 20, 5]
INVESTIGATION -> [9, 14, 22, 5, 19, 20, 9, 7, 1, 20, 9, 15, 14]
INVESTMENT -> [9, 14, 22, 5, 19, 20, 13, 5, 14, 20]
INVITE -> [9, 14, 22, 9, 20, 5]
INVOLVE -> [9, 14, 22, 15, 12, 22, 5]
IRON -> [9, 18, 15, 14]
IS -> [9, 19]
IS
ISLAND -> [9, 19, 12, 1, 14, 4]
ISSUE -> [9, 19, 19, 21, 5]
IT -> [9, 20]
ITEM -> [9, 20, 5, 13]
ITS -> [9, 20, 19]
ITSELF -> [9, 20, 19, 5, 12, 6]
JOB -> [10, 15, 2]
JOIN -> [10, 15, 9, 14]
JOINT -> [10, 15, 9, 14, 20]
JOURNEY -> [10, 15, 21, 18, 14, 5, 25]
JUDGE -> [10, 21, 4, 7, 5]
JUMP -> [10, 21, 13, 16]
JUST -> [10, 21, 19, 20]
JUSTICE -> [10, 21, 19, 20, 9, 3, 5]
KEEP -> [11, 5, 5, 16]
KEY -> [11, 5, 25]
KID -> [11, 9, 4]
KILL -> [11, 9, 12, 12]
KIND -> [11, 9, 14, 4]
KING -> [11, 9, 14, 7]
KITCHEN -> [11, 9, 20, 3, 8, 5, 14]
KNEE -> [11, 14, 5, 5]
KNOW -> [11, 14, 15, 23]
KNOWLEDGE -> [11, 14, 15, 23, 12, 5, 4, 7, 5]
LABOUR -> [12, 1, 2, 15, 21, 18]
LACK -> [12, 1, 3, 11]
LADY -> [12, 1, 4, 25]
LAND -> [12, 1, 14, 4]
LANGUAGE -> [12, 1, 14, 7, 21, 1, 7, 5]
LARGE -> [12, 1, 18, 7, 5]
LARGELY -> [12, 1, 18, 7, 5, 12, 25]
LAST -> [12, 1, 19, 20]
LATE -> [12, 1, 20, 5]
LATER -> [12, 1, 20, 5, 18]
LATTER -> [12, 1, 20, 20, 5, 18]
LAUGH -> [12, 1, 21, 7, 8]
LAUNCH -> [12, 1, 21, 14, 3, 8]
LAW -> [12, 1, 23]
LAWYER -> [12, 1, 23, 25, 5, 18]
LAY -> [12, 1, 25]
LEAD -> [12, 5, 1, 4]
LEADER -> [12, 5, 1, 4, 5, 18]
LEADERSHIP -> [12, 5, 1, 4, 5, 18, 19, 8, 9, 16]
LEADING -> [12, 5, 1, 4, 9, 14, 7]
LEAF -> [12, 5, 1, 6]
LEAGUE -> [12, 5, 1, 7, 21, 5]
LEAN -> [12, 5, 1, 14]
LEARN -> [12, 5, 1, 18, 14]
LEAST -> [12, 5, 1, 19, 20]
LEAVE -> [12, 5, 1, 22, 5]
LEFT -> [12, 5, 6, 20]
LEG -> [12, 5, 7]
LEGAL -> [12, 5, 7, 1, 12]
LEGISLATION -> [12, 5, 7, 9, 19, 12, 1, 20, 9, 15, 14]
LENGTH -> [12, 5, 14, 7, 20, 8]
LENGTH
LESS -> [12, 5, 19, 19]
LESS
LET -> [12, 5, 20]
LETTER -> [12, 5, 20, 20, 5, 18]
LEVEL -> [12, 5, 22, 5, 12]
LIABILITY -> [12, 9, 1, 2, 9, 12, 9, 20, 25]
LIBERAL -> [12, 9, 2, 5, 18, 1, 12]
LIBRARY -> [12, 9, 2, 18, 1, 18, 25]
LIE -> [12, 9, 5]
LIFE -> [12, 9, 6, 5]
LIFT -> [12, 9, 6, 20]
LIGHT -> [12, 9, 7, 8, 20]
LIKE -> [12, 9, 11, 5]
LIKELY -> [12, 9, 11, 5, 12, 25]
LIMIT -> [12, 9, 13, 9, 20]
LIMITED -> [12, 9, 13, 9, 20, 5, 4]
LINE -> [12, 9, 14, 5]
LINK -> [12, 9, 14, 11]
LIP -> [12, 9, 16]
LIST -> [12, 9, 19, 20]
LISTEN -> [12, 9, 19, 20, 5, 14]
LITERATURE -> [12, 9, 20, 5, 18, 1, 20, 21, 18, 5]
LITTLE -> [12, 9, 20, 20, 12, 5]
LITTLE
LIVE -> [12, 9, 22, 5]
LIVING -> [12, 9, 22, 9, 14, 7]
LOAN -> [12, 15, 1, 14]
LOCAL -> [12, 15, 3, 1, 12]
LOCATION -> [12, 15, 3, 1, 20, 9, 15, 14]
LONG -> [12, 15, 14, 7]
LOOK -> [12, 15, 15, 11]
LORD -> [12, 15, 18, 4]
LOSE -> [12, 15, 19, 5]
LOSS -> [12, 15, 19, 19]
LOT -> [12, 15, 20]
LOVE -> [12, 15, 22, 5]
LOVELY -> [12, 15, 22, 5, 12, 25]
LOVELY
LOW -> [12, 15, 23]
LUNCH -> [12, 21, 14, 3, 8]
MACHINE -> [13, 1, 3, 8, 9, 14, 5]
MAGAZINE -> [13, 1, 7, 1, 26, 9, 14, 5]
MAIN -> [13, 1, 9, 14]
MAINLY -> [13, 1, 9, 14, 12, 25]
MAINTAIN -> [13, 1, 9, 14, 20, 1, 9, 14]
MAJOR -> [13, 1, 10, 15, 18]
MAJORITY -> [13, 1, 10, 15, 18, 9, 20, 25]
MAKE -> [13, 1, 11, 5]
MALE -> [13, 1, 12, 5]
MAN -> [13, 1, 14]
MAN
MANAGE -> [13, 1, 14, 1, 7, 5]
MANAGEMENT -> [13, 1, 14, 1, 7, 5, 13, 5, 14, 20]
MANAGER -> [13, 1, 14, 1, 7, 5, 18]
MANNER -> [13, 1, 14, 14, 5, 18]
MANY -> [13, 1, 14, 25]
MAP -> [13, 1, 16]
MARK -> [13, 1, 18, 11]
MARKET -> [13, 1, 18, 11, 5, 20]
MARRIAGE -> [13, 1, 18, 18, 9, 1, 7, 5]
MARRIED -> [13, 1, 18, 18, 9, 5, 4]
MARRY -> [13, 1, 18, 18, 25]
MASS -> [13, 1, 19, 19]
MASTER -> [13, 1, 19, 20, 5, 18]
MATCH -> [13, 1, 20, 3, 8]
MATERIAL -> [13, 1, 20, 5, 18, 9, 1, 12]
MATTER -> [13, 1, 20, 20, 5, 18]
MAY -> [13, 1, 25]
MAYBE -> [13, 1, 25, 2, 5]
ME -> [13, 5]
MEAL -> [13, 5, 1, 12]
MEAN -> [13, 5, 1, 14]
MEANING -> [13, 5, 1, 14, 9, 14, 7]
MEANS -> [13, 5, 1, 14, 19]
MEANWHILE -> [13, 5, 1, 14, 23, 8, 9, 12, 5]
MEASURE -> [13, 5, 1, 19, 21, 18, 5]
MECHANISM -> [13, 5, 3, 8, 1, 14, 9, 19, 13]
MEDIA -> [13, 5, 4, 9, 1]
MEDICAL -> [13, 5, 4, 9, 3, 1, 12]
MEET -> [13, 5, 5, 20]
MEETING -> [13, 5, 5, 20, 9, 14, 7]
MEMBER -> [13, 5, 13, 2, 5, 18]
MEMBERSHIP -> [13, 5, 13, 2, 5, 18, 19, 8, 9, 16]
MEMORY -> [13, 5, 13, 15, 18, 25]
MENTAL -> [13, 5, 14, 20, 1, 12]
MENTION -> [13, 5, 14, 20, 9, 15, 14]
MERELY -> [13, 5, 18, 5, 12, 25]
MERELY
MESSAGE -> [13, 5, 19, 19, 1, 7, 5]
METAL -> [13, 5, 20, 1, 12]
METHOD -> [13, 5, 20, 8, 15, 4]
MIDDLE -> [13, 9, 4, 4, 12, 5]
MIGHT -> [13, 9, 7, 8, 20]
MILE -> [13, 9, 12, 5]
MILITARY -> [13, 9, 12, 9, 20, 1, 18, 25]
MILK -> [13, 9, 12, 11]
MIND -> [13, 9, 14, 4]
MINE -> [13, 9, 14, 5]
MINISTER -> [13, 9, 14, 9, 19, 20, 5, 18]
MINISTRY -> [13, 9, 14, 9, 19, 20, 18, 25]
MINUTE -> [13, 9, 14, 21, 20, 5]
MISS -> [13, 9, 19, 19]
MISTAKE -> [13, 9, 19, 20, 1, 11, 5]
MISTAKE
MODEL -> [13, 15, 4, 5, 12]
MODERN -> [13, 15, 4, 5, 18, 14]
MODULE -> [13, 15, 4, 21, 12, 5]
MOMENT -> [13, 15, 13, 5, 14, 20]
MONEY -> [13, 15, 14, 5, 25]
MONTH -> [13, 15, 14, 20, 8]
MORE -> [13, 15, 18, 5]
MORNING -> [13, 15, 18, 14, 9, 14, 7]
MOST -> [13, 15, 19, 20]
MOTHER -> [13, 15, 20, 8, 5, 18]
MOTION -> [13, 15, 20, 9, 15, 14]
MOTOR -> [13, 15, 20, 15, 18]
MOUNTAIN -> [13, 15, 21, 14, 20, 1, 9, 14]
MOUTH -> [13, 15, 21, 20, 8]
MOVE -> [13, 15, 22, 5]
MOVE
MOVEMENT -> [13, 15, 22, 5, 13, 5, 14, 20]
MUCH -> [13, 21, 3, 8]
MURDER -> [13, 21, 18, 4, 5, 18]
MUSEUM -> [13, 21, 19, 5, 21, 13]
MUSIC -> [13, 21, 19, 9, 3]
MUST -> [13, 21, 19, 20]
MY -> [13, 25]
MYSELF -> [13, 25, 19, 5, 12, 6]
NAME -> [14, 1, 13, 5]
NARROW -> [14, 1, 18, 18, 15, 23]
NATION -> [14, 1, 20, 9, 15, 14]
NATIONAL -> [14, 1, 20, 9, 15, 14, 1, 12]
NATURAL -> [14, 1, 20, 21, 18, 1, 12]
NATURE -> [14, 1, 20, 21, 18, 5]
NEAR -> [14, 5, 1, 18]
NEARLY -> [14, 5, 1, 18, 12, 25]
NECESSARILY -> [14, 5, 3, 5, 19, 19, 1, 18, 9, 12, 25]
NECESSARY -> [14, 5, 3, 5, 19, 19, 1, 18, 25]
NECK -> [14, 5, 3, 11]
NEED -> [14, 5, 5, 4]
NEED
NEGOTIATION -> [14, 5, 7, 15, 20, 9, 1, 20, 9, 15, 14]
NEIGHBOUR -> [14, 5, 9, 7, 8, 2, 15, 21, 18]
NEITHER -> [14, 5, 9, 20, 8, 5, 18]
NETWORK -> [14, 5, 20, 23, 15, 18, 11]
NEVER -> [14, 5, 22, 5, 18]
NEVERTHELESS -> [14, 5, 22, 5, 18, 20, 8, 5, 12, 5, 19, 19]
NEW -> [14, 5, 23]
NEWS -> [14, 5, 23, 19]
NEWSPAPER -> [14, 5, 23, 19, 16, 1, 16, 5, 18]
NEXT -> [14, 5, 24, 20]
NICE -> [14, 9, 3, 5]
NIGHT -> [14, 9, 7, 8, 20]
NO -> [14, 15]
NOBODY -> [14, 15, 2, 15, 4, 25]
NOD -> [14, 15, 4]
NOISE -> [14, 15, 9, 19, 5]
NONE -> [14, 15, 14, 5]
NOR -> [14, 15, 18]
NORMAL -> [14, 15, 18, 13, 1, 12]
NORMALLY -> [14, 15, 18, 13, 1, 12, 12, 25]
NORTH -> [14, 15, 18, 20, 8]
NORTHERN -> [14, 15, 18, 20, 8, 5, 18, 14]
NOSE -> [14, 15, 19, 5]
NOT -> [14, 15, 20]
NOTE -> [14, 15, 20, 5]
NOTHING -> [14, 15, 20, 8, 9, 14, 7]
NOTICE -> [14, 15, 20, 9, 3, 5]
NOTICE
NOTION -> [14, 15, 20, 9, 15, 14]
NOW -> [14, 15, 23]
NUCLEAR -> [14, 21, 3, 12, 5, 1, 18]
NUMBER -> [14, 21, 13, 2, 5, 18]
NURSE -> [14, 21, 18, 19, 5]
OBJECT -> [15, 2, 10, 5, 3, 20]
OBJECT
OBJECTIVE -> [15, 2, 10, 5, 3, 20, 9, 22, 5]
OBJECTIVE
OBSERVATION -> [15, 2, 19, 5, 18, 22, 1, 20, 9, 15, 14]
OBSERVE -> [15, 2, 19, 5, 18, 22, 5]
OBTAIN -> [15, 2, 20, 1, 9, 14]
OBVIOUS -> [15, 2, 22, 9, 15, 21, 19]
OBVIOUSLY -> [15, 2, 22, 9, 15, 21, 19, 12, 25]
OCCASION -> [15, 3, 3, 1, 19, 9, 15, 14]
OCCUR -> [15, 3, 3, 21, 18]
ODD -> [15, 4, 4]
OF -> [15, 6]
OF
OFF -> [15, 6, 6]
OFFENCE -> [15, 6, 6, 5, 14, 3, 5]
OFFER -> [15, 6, 6, 5, 18]
OFFICE -> [15, 6, 6, 9, 3, 5]
OFFICER -> [15, 6, 6, 9, 3, 5, 18]
OFFICIAL -> [15, 6, 6, 9, 3, 9, 1, 12]
OFTEN -> [15, 6, 20, 5, 14]
OIL -> [15, 9, 12]
OKAY -> [15, 11, 1, 25]
OLD -> [15, 12, 4]
ON -> [15, 14]
ONCE -> [15, 14, 3, 5]
ONE -> [15, 14, 5]
ONLY -> [15, 14, 12, 25]
ONLY
ONTO -> [15, 14, 20, 15]
OPEN -> [15, 16, 5, 14]
OPERATE -> [15, 16, 5, 18, 1, 20, 5]
OPERATION -> [15, 16, 5, 18, 1, 20, 9, 15, 14]
OPINION -> [15, 16, 9, 14, 9, 15, 14]
OPPORTUNITY -> [15, 16, 16, 15, 18, 20, 21, 14, 9, 20, 25]
OPPOSITION -> [15, 16, 16, 15, 19, 9, 20, 9, 15, 14]
OPTION -> [15, 16, 20, 9, 15, 14]
OR -> [15, 18]
ORDER -> [15, 18, 4, 5, 18]
ORDINARY -> [15, 18, 4, 9, 14, 1, 18, 25]
ORGANISATION -> [15, 18, 7, 1, 14, 9, 19, 1, 20, 9, 15, 14]
ORGANISE -> [15, 18, 7, 1, 14, 9, 19, 5]
ORGANIZATION -> [15, 18, 7, 1, 14, 9, 26, 1, 20, 9, 15, 14]
ORIGIN -> [15, 18, 9, 7, 9, 14]
ORIGINAL -> [15, 18, 9, 7, 9, 14, 1, 12]
OTHER -> [15, 20, 8, 5, 18]
OTHER
OTHERWISE -> [15, 20, 8, 5, 18, 23, 9, 19, 5]
OUGHT -> [15, 21, 7, 8, 20]
OUR -> [15, 21, 18]
OURSELVES -> [15, 21, 18, 19, 5, 12, 22, 5, 19]
OURSELVES
OUT -> [15, 21, 20]
OUTCOME -> [15, 21, 20, 3, 15, 13, 5]
OUTPUT -> [15, 21, 20, 16, 21, 20]
OUTSIDE -> [15, 21, 20, 19, 9, 4, 5]
OVER -> [15, 22, 5, 18]
OVERALL -> [15, 22, 5, 18, 1, 12, 12]
OWN -> [15, 23, 14]
OWNER -> [15, 23, 14, 5, 18]
PACKAGE -> [16, 1, 3, 11, 1, 7, 5]
PAGE -> [16, 1, 7, 5]
PAIN -> [16, 1, 9, 14]
PAINT -> [16, 1, 9, 14, 20]
PAINTING -> [16, 1, 9, 14, 20, 9, 14, 7]
PAIR -> [16, 1, 9, 18]
PANEL -> [16, 1, 14, 5, 12]
PAPER -> [16, 1, 16, 5, 18]
PARENT -> [16, 1, 18, 5, 14, 20]
PARK -> [16, 1, 18, 11]
PARLIAMENT -> [16, 1, 18, 12, 9, 1, 13, 5, 14, 20]
PART -> [16, 1, 18, 20]
PART
PARTICULAR -> [16, 1, 18, 20, 9, 3, 21, 12, 1, 18]
PARTICULARLY -> [16, 1, 18, 20, 9, 3, 21, 12, 1, 18, 12, 25]
PARTLY -> [16, 1, 18, 20, 12, 25]
PARTNER -> [16, 1, 18, 20, 14, 5, 18]
PARTY -> [16, 1, 18, 20, 25]
PASS -> [16, 1, 19, 19]
PASS
PASSAGE -> [16, 1, 19, 19, 1, 7, 5]
PAST -> [16, 1, 19, 20]
PATH -> [16, 1, 20, 8]
PATIENT -> [16, 1, 20, 9, 5, 14, 20]
PATTERN -> [16, 1, 20, 20, 5, 18, 14]
PAY -> [16, 1, 25]
PAYMENT -> [16, 1, 25, 13, 5, 14, 20]
PEACE -> [16, 5, 1, 3, 5]
PENSION -> [16, 5, 14, 19, 9, 15, 14]
PEOPLE -> [16, 5, 15, 16, 12, 5]
PER -> [16, 5, 18]
PERCENT -> [16, 5, 18, 3, 5, 14, 20]
PERFECT -> [16, 5, 18, 6, 5, 3, 20]
PERFORM -> [16, 5, 18, 6, 15, 18, 13]
PERFORM
PERFORMANCE -> [16, 5, 18, 6, 15, 18, 13, 1, 14, 3, 5]
PERHAPS -> [16, 5, 18, 8, 1, 16, 19]
PERIOD -> [16, 5, 18, 9, 15, 4]
PERMANENT -> [16, 5, 18, 13, 1, 14, 5, 14, 20]
PERSON -> [16, 5, 18, 19, 15, 14]
PERSONAL -> [16, 5, 18, 19, 15, 14, 1, 12]
PERSUADE -> [16, 5, 18, 19, 21, 1, 4, 5]
PHASE -> [16, 8, 1, 19, 5]
PHONE -> [16, 8, 15, 14, 5]
PHOTOGRAPH -> [16, 8, 15, 20, 15, 7, 18, 1, 16, 8]
PHYSICAL -> [16, 8, 25, 19, 9, 3, 1, 12]
PICK -> [16, 9, 3, 11]
PICTURE -> [16, 9, 3, 20, 21, 18, 5]
PIECE -> [16, 9, 5, 3, 5]
PLACE -> [16, 12, 1, 3, 5]
PLAN -> [16, 12, 1, 14]
PLANNING -> [16, 12, 1, 14, 14, 9, 14, 7]
PLANT -> [16, 12, 1, 14, 20]
PLASTIC -> [16, 12, 1, 19, 20, 9, 3]
PLATE -> [16, 12, 1, 20, 5]
PLAY -> [16, 12, 1, 25]
PLAYER -> [16, 12, 1, 25, 5, 18]
PLEASE -> [16, 12, 5, 1, 19, 5]
PLEASURE -> [16, 12, 5, 1, 19, 21, 18, 5]
PLENTY -> [16, 12, 5, 14, 20, 25]
PLUS -> [16, 12, 21, 19]
POCKET -> [16, 15, 3, 11, 5, 20]
POINT -> [16, 15, 9, 14, 20]
POLICE -> [16, 15, 12, 9, 3, 5]
POLICY -> [16, 15, 12, 9, 3, 25]
POLITICAL -> [16, 15, 12, 9, 20, 9, 3, 1, 12]
POLITICS -> [16, 15, 12, 9, 20, 9, 3, 19]
POOL -> [16, 15, 15, 12]
POOR -> [16, 15, 15, 18]
POPULAR -> [16, 15, 16, 21, 12, 1, 18]
POPULATION -> [16, 15, 16, 21, 12, 1, 20, 9, 15, 14]
POSITION -> [16, 15, 19, 9, 20, 9, 15, 14]
POSITIVE -> [16, 15, 19, 9, 20, 9, 22, 5]
POSSIBILITY -> [16, 15, 19, 19, 9, 2, 9, 12, 9, 20, 25]
POSSIBLE -> [16, 15, 19, 19, 9, 2, 12, 5]
POSSIBLY -> [16, 15, 19, 19, 9, 2, 12, 25]
POST -> [16, 15, 19, 20]
POTENTIAL -> [16, 15, 20, 5, 14, 20, 9, 1, 12]
POUND -> [16, 15, 21, 14, 4]
POWER -> [16, 15, 23, 5, 18]
POWERFUL -> [16, 15, 23, 5, 18, 6, 21, 12]
PRACTICAL -> [16, 18, 1, 3, 20, 9, 3, 1, 12]
PRACTICE -> [16, 18, 1, 3, 20, 9, 3, 5]
PREFER -> [16, 18, 5, 6, 5, 18]
PREPARE -> [16, 18, 5, 16, 1, 18, 5]
PRESENCE -> [16, 18, 5, 19, 5, 14, 3, 5]
PRESENT -> [16, 18, 5, 19, 5, 14, 20]
PRESIDENT -> [16, 18, 5, 19, 9, 4, 5, 14, 20]
PRESS -> [16, 18, 5, 19, 19]
PRESSURE -> [16, 18, 5, 19, 19, 21, 18, 5]
PRETTY -> [16, 18, 5, 20, 20, 25]
PREVENT -> [16, 18, 5, 22, 5, 14, 20]
PREVIOUS -> [16, 18, 5, 22, 9, 15, 21, 19]
PREVIOUSLY -> [16, 18, 5, 22, 9, 15, 21, 19, 12, 25]
PRICE -> [16, 18, 9, 3, 5]
PRIMARY -> [16, 18, 9, 13, 1, 18, 25]
PRIME -> [16, 18, 9, 13, 5]
PRINCIPLE -> [16, 18, 9, 14, 3, 9, 16, 12, 5]
PRIORITY -> [16, 18, 9, 15, 18, 9, 20, 25]
PRISON -> [16, 18, 9, 19, 15, 14]
PRISON
PRISONER -> [16, 18, 9, 19, 15, 14, 5, 18]
PRIVATE -> [16, 18, 9, 22, 1, 20, 5]
PRIVATE
PROBABLY -> [16, 18, 15, 2, 1, 2, 12, 25]
PROBABLY
PROBLEM -> [16, 18, 15, 2, 12, 5, 13]
PROCEDURE -> [16, 18, 15, 3, 5, 4, 21, 18, 5]
PROCEDURE
PROCESS -> [16, 18, 15, 3, 5, 19, 19]
PRODUCE -> [16, 18, 15, 4, 21, 3, 5]
PRODUCT -> [16, 18, 15, 4, 21, 3, 20]
PRODUCTION -> [16, 18, 15, 4, 21, 3, 20, 9, 15, 14]
PROFESSIONAL -> [16, 18, 15, 6, 5, 19, 19, 9, 15, 14, 1, 12]
PROFIT -> [16, 18, 15, 6, 9, 20]
PROGRAM -> [16, 18, 15, 7, 18, 1, 13]
PROGRAMME -> [16, 18, 15, 7, 18, 1, 13, 13, 5]
PROGRESS -> [16, 18, 15, 7, 18, 5, 19, 19]
PROJECT -> [16, 18, 15, 10, 5, 3, 20]
PROMISE -> [16, 18, 15, 13, 9, 19, 5]
PROMOTE -> [16, 18, 15, 13, 15, 20, 5]
PROPER -> [16, 18, 15, 16, 5, 18]
PROPERLY -> [16, 18, 15, 16, 5, 18, 12, 25]
PROPERTY -> [16, 18, 15, 16, 5, 18, 20, 25]
PROPORTION -> [16, 18, 15, 16, 15, 18, 20, 9, 15, 14]
PROPOSE -> [16, 18, 15, 16, 15, 19, 5]
PROPOSAL -> [16, 18, 15, 16, 15, 19, 1, 12]
PROSPECT -> [16, 18, 15, 19, 16, 5, 3, 20]
PROTECT -> [16, 18, 15, 20, 5, 3, 20]
PROTECTION -> [16, 18, 15, 20, 5, 3, 20, 9, 15, 14]
PROVE -> [16, 18, 15, 22, 5]
PROVIDE -> [16, 18, 15, 22, 9, 4, 5]
PROVIDED -> [16, 18, 15, 22, 9, 4, 5, 4]
PROVISION -> [16, 18, 15, 22, 9, 19, 9, 15, 14]
PUB -> [16, 21, 2]
PUBLIC -> [16, 21, 2, 12, 9, 3]
PUBLICATION -> [16, 21, 2, 12, 9, 3, 1, 20, 9, 15, 14]
PUBLISH -> [16, 21, 2, 12, 9, 19, 8]
PULL -> [16, 21, 12, 12]
PUPIL -> [16, 21, 16, 9, 12]
PURPOSE -> [16, 21, 18, 16, 15, 19, 5]
PUSH -> [16, 21, 19, 8]
PUT -> [16, 21, 20]
QUALITY -> [17, 21, 1, 12, 9, 20, 25]
QUALITY
QUARTER -> [17, 21, 1, 18, 20, 5, 18]
QUESTION -> [17, 21, 5, 19, 20, 9, 15, 14]
QUESTION
QUICK -> [17, 21, 9, 3, 11]
QUICKLY -> [17, 21, 9, 3, 11, 12, 25]
QUIET -> [17, 21, 9, 5, 20]
QUITE -> [17, 21, 9, 20, 5]
RACE -> [18, 1, 3, 5]
RADIO -> [18, 1, 4, 9, 15]
RAILWAY -> [18, 1, 9, 12, 23, 1, 25]
RAIN -> [18, 1, 9, 14]
RAISE -> [18, 1, 9, 19, 5]
RANGE -> [18, 1, 14, 7, 5]
RAPIDLY -> [18, 1, 16, 9, 4, 12, 25]
RARE -> [18, 1, 18, 5]
RATE -> [18, 1, 20, 5]
RATHER -> [18, 1, 20, 8, 5, 18]
REACH -> [18, 5, 1, 3, 8]
REACTION -> [18, 5, 1, 3, 20, 9, 15, 14]
READ -> [18, 5, 1, 4]
READ
READER -> [18, 5, 1, 4, 5, 18]
READING -> [18, 5, 1, 4, 9, 14, 7]
READY -> [18, 5, 1, 4, 25]
REAL -> [18, 5, 1, 12]
REALISE -> [18, 5, 1, 12, 9, 19, 5]
REALITY -> [18, 5, 1, 12, 9, 20, 25]
REALIZE -> [18, 5, 1, 12, 9, 26, 5]
REALLY -> [18, 5, 1, 12, 12, 25]
REASON -> [18, 5, 1, 19, 15, 14]
REASONABLE -> [18, 5, 1, 19, 15, 14, 1, 2, 12, 5]
RECALL -> [18, 5, 3, 1, 12, 12]
RECEIVE -> [18, 5, 3, 5, 9, 22, 5]
RECENT -> [18, 5, 3, 5, 14, 20]
RECENTLY -> [18, 5, 3, 5, 14, 20, 12, 25]
RECOGNISE -> [18, 5, 3, 15, 7, 14, 9, 19, 5]
RECOGNITION -> [18, 5, 3, 15, 7, 14, 9, 20, 9, 15, 14]
RECOGNIZE -> [18, 5, 3, 15, 7, 14, 9, 26, 5]
RECOMMEND -> [18, 5, 3, 15, 13, 13, 5, 14, 4]
RECORD -> [18, 5, 3, 15, 18, 4]
RECOVER -> [18, 5, 3, 15, 22, 5, 18]
RED -> [18, 5, 4]
REDUCE -> [18, 5, 4, 21, 3, 5]
REDUCTION -> [18, 5, 4, 21, 3, 20, 9, 15, 14]
REFER -> [18, 5, 6, 5, 18]
REFERENCE -> [18, 5, 6, 5, 18, 5, 14, 3, 5]
REFLECT -> [18, 5, 6, 12, 5, 3, 20]
REFORM -> [18, 5, 6, 15, 18, 13]
REFUSE -> [18, 5, 6, 21, 19, 5]
REGARD -> [18, 5, 7, 1, 18, 4]
REGION -> [18, 5, 7, 9, 15, 14]
REGIONAL -> [18, 5, 7, 9, 15, 14, 1, 12]
REGULAR -> [18, 5, 7, 21, 12, 1, 18]
REGULATION -> [18, 5, 7, 21, 12, 1, 20, 9, 15, 14]
REJECT -> [18, 5, 10, 5, 3, 20]
RELATE -> [18, 5, 12, 1, 20, 5]
RELATION -> [18, 5, 12, 1, 20, 9, 15, 14]
RELATIONSHIP -> [18, 5, 12, 1, 20, 9, 15, 14, 19, 8, 9, 16]
RELATIVE -> [18, 5, 12, 1, 20, 9, 22, 5]
RELATIVELY -> [18, 5, 12, 1, 20, 9, 22, 5, 12, 25]
RELEASE -> [18, 5, 12, 5, 1, 19, 5]
RELEVANT -> [18, 5, 12, 5, 22, 1, 14, 20]
RELIEF -> [18, 5, 12, 9, 5, 6]
RELIEF
RELIGION -> [18, 5, 12, 9, 7, 9, 15, 14]
RELIGIOUS -> [18, 5, 12, 9, 7, 9, 15, 21, 19]
RELY -> [18, 5, 12, 25]
REMAIN -> [18, 5, 13, 1, 9, 14]
REMEMBER -> [18, 5, 13, 5, 13, 2, 5, 18]
REMIND -> [18, 5, 13, 9, 14, 4]
REMOVE -> [18, 5, 13, 15, 22, 5]
REMOVE
REPEAT -> [18, 5, 16, 5, 1, 20]
REPLACE -> [18, 5, 16, 12, 1, 3, 5]
REPLY -> [18, 5, 16, 12, 25]
REPORT -> [18, 5, 16, 15, 18, 20]
REPRESENT -> [18, 5, 16, 18, 5, 19, 5, 14, 20]
REPRESENT
REPRESENTATION -> [18, 5, 16, 18, 5, 19, 5, 14, 20, 1, 20, 9, 15, 14]
REPRESENTATIVE -> [18, 5, 16, 18, 5, 19, 5, 14, 20, 1, 20, 9, 22, 5]
REQUEST -> [18, 5, 17, 21, 5, 19, 20]
REQUEST
REQUIRE -> [18, 5, 17, 21, 9, 18, 5]
REQUIREMENT -> [18, 5, 17, 21, 9, 18, 5, 13, 5, 14, 20]
RESEARCH -> [18, 5, 19, 5, 1, 18, 3, 8]
RESOURCE -> [18, 5, 19, 15, 21, 18, 3, 5]
RESPECT -> [18, 5, 19, 16, 5, 3, 20]
RESPOND -> [18, 5, 19, 16, 15, 14, 4]
RESPOND
RESPONSE -> [18, 5, 19, 16, 15, 14, 19, 5]
RESPONSIBILITY -> [18, 5, 19, 16, 15, 14, 19, 9, 2, 9, 12, 9, 20, 25]
RESPONSIBLE -> [18, 5, 19, 16, 15, 14, 19, 9, 2, 12, 5]
REST -> [18, 5, 19, 20]
RESTAURANT -> [18, 5, 19, 20, 1, 21, 18, 1, 14, 20]
RESULT -> [18, 5, 19, 21, 12, 20]
RETAIN -> [18, 5, 20, 1, 9, 14]
RETURN -> [18, 5, 20, 21, 18, 14]
REVEAL -> [18, 5, 22, 5, 1, 12]
REVENUE -> [18, 5, 22, 5, 14, 21, 5]
REVIEW -> [18, 5, 22, 9, 5, 23]
REVOLUTION -> [18, 5, 22, 15, 12, 21, 20, 9, 15, 14]
RICH -> [18, 9, 3, 8]
RIDE -> [18, 9, 4, 5]
RIGHT -> [18, 9, 7, 8, 20]
RING -> [18, 9, 14, 7]
RISE -> [18, 9, 19, 5]
RISK -> [18, 9, 19, 11]
RIVER -> [18, 9, 22, 5, 18]
ROAD -> [18, 15, 1, 4]
ROCK -> [18, 15, 3, 11]
ROLE -> [18, 15, 12, 5]
ROLL -> [18, 15, 12, 12]
ROOF -> [18, 15, 15, 6]
ROOM -> [18, 15, 15, 13]
ROUND -> [18, 15, 21, 14, 4]
ROUTE -> [18, 15, 21, 20, 5]
ROW -> [18, 15, 23]
ROYAL -> [18, 15, 25, 1, 12]
RULE -> [18, 21, 12, 5]
RUN -> [18, 21, 14]
RURAL -> [18, 21, 18, 1, 12]
SAFE -> [19, 1, 6, 5]
SAFETY -> [19, 1, 6, 5, 20, 25]
SALE -> [19, 1, 12, 5]
SAME -> [19, 1, 13, 5]
SAMPLE -> [19, 1, 13, 16, 12, 5]
SAMPLE
SATISFY -> [19, 1, 20, 9, 19, 6, 25]
SAVE -> [19, 1, 22, 5]
SAY -> [19, 1, 25]
SCALE -> [19, 3, 1, 12, 5]
SCENE -> [19, 3, 5, 14, 5]
SCHEME -> [19, 3, 8, 5, 13, 5]
SCHOOL -> [19, 3, 8, 15, 15, 12]
SCIENCE -> [19, 3, 9, 5, 14, 3, 5]
SCIENTIFIC -> [19, 3, 9, 5, 14, 20, 9, 6, 9, 3]
SCIENTIST -> [19, 3, 9, 5, 14, 20, 9, 19, 20]
SCORE -> [19, 3, 15, 18, 5]
SCREEN -> [19, 3, 18, 5, 5, 14]
SEA -> [19, 5, 1]
SEARCH -> [19, 5, 1, 18, 3, 8]
SEASON -> [19, 5, 1, 19, 15, 14]
SEAT -> [19, 5, 1, 20]
SECOND -> [19, 5, 3, 15, 14, 4]
SECONDARY -> [19, 5, 3, 15, 14, 4, 1, 18, 25]
SECRETARY -> [19, 5, 3, 18, 5, 20, 1, 18, 25]
SECTION -> [19, 5, 3, 20, 9, 15, 14]
SECTOR -> [19, 5, 3, 20, 15, 18]
SECURE -> [19, 5, 3, 21, 18, 5]
SECURITY -> [19, 5, 3, 21, 18, 9, 20, 25]
SECURITY
SEE -> [19, 5, 5]
SEEK -> [19, 5, 5, 11]
SEEM -> [19, 5, 5, 13]
SELECT -> [19, 5, 12, 5, 3, 20]
SELECTION -> [19, 5, 12, 5, 3, 20, 9, 15, 14]
SELL -> [19, 5, 12, 12]
SEND -> [19, 5, 14, 4]
SENIOR -> [19, 5, 14, 9, 15, 18]
SENSE -> [19, 5, 14, 19, 5]
SENTENCE -> [19, 5, 14, 20, 5, 14, 3, 5]
SEPARATE -> [19, 5, 16, 1, 18, 1, 20, 5]
SEQUENCE -> [19, 5, 17, 21, 5, 14, 3, 5]
SERIES -> [19, 5, 18, 9, 5, 19]
SERIOUS -> [19, 5, 18, 9, 15, 21, 19]
SERIOUSLY -> [19, 5, 18, 9, 15, 21, 19, 12, 25]
SERVANT -> [19, 5, 18, 22, 1, 14, 20]
SERVE -> [19, 5, 18, 22, 5]
SERVICE -> [19, 5, 18, 22, 9, 3, 5]
SESSION -> [19, 5, 19, 19, 9, 15, 14]
SET -> [19, 5, 20]
SETTLE -> [19, 5, 20, 20, 12, 5]
SETTLEMENT -> [19, 5, 20, 20, 12, 5, 13, 5, 14, 20]
SEVERAL -> [19, 5, 22, 5, 18, 1, 12]
SEVERE -> [19, 5, 22, 5, 18, 5]
SEX -> [19, 5, 24]
SEXUAL -> [19, 5, 24, 21, 1, 12]
SHAKE -> [19, 8, 1, 11, 5]
SHALL -> [19, 8, 1, 12, 12]
SHAPE -> [19, 8, 1, 16, 5]
SHARE -> [19, 8, 1, 18, 5]
SHE -> [19, 8, 5]
SHEET -> [19, 8, 5, 5, 20]
SHIP -> [19, 8, 9, 16]
SHOE -> [19, 8, 15, 5]
SHOOT -> [19, 8, 15, 15, 20]
SHOP -> [19, 8, 15, 16]
SHORT -> [19, 8, 15, 18, 20]
SHOT -> [19, 8, 15, 20]
SHOULD -> [19, 8, 15, 21, 12, 4]
SHOULDER -> [19, 8, 15, 21, 12, 4, 5, 18]
SHOUT -> [19, 8, 15, 21, 20]
SHOW -> [19, 8, 15, 23]
SHUT -> [19, 8, 21, 20]
SIDE -> [19, 9, 4, 5]
SIGHT -> [19, 9, 7, 8, 20]
SIGN -> [19, 9, 7, 14]
SIGNAL -> [19, 9, 7, 14, 1, 12]
SIGNIFICANCE -> [19, 9, 7, 14, 9, 6, 9, 3, 1, 14, 3, 5]
SIGNIFICANT -> [19, 9, 7, 14, 9, 6, 9, 3, 1, 14, 20]
SILENCE -> [19, 9, 12, 5, 14, 3, 5]
SIMILAR -> [19, 9, 13, 9, 12, 1, 18]
SIMPLE -> [19, 9, 13, 16, 12, 5]
SIMPLY -> [19, 9, 13, 16, 12, 25]
SINCE -> [19, 9, 14, 3, 5]
SING -> [19, 9, 14, 7]
SINGLE -> [19, 9, 14, 7, 12, 5]
SINGLE
SIR -> [19, 9, 18]
SISTER -> [19, 9, 19, 20, 5, 18]
SIT -> [19, 9, 20]
SITE -> [19, 9, 20, 5]
SITUATION -> [19, 9, 20, 21, 1, 20, 9, 15, 14]
SIZE -> [19, 9, 26, 5]
SKILL -> [19, 11, 9, 12, 12]
SKIN -> [19, 11, 9, 14]
SKY -> [19, 11, 25]
SKY
SLEEP -> [19, 12, 5, 5, 16]
SLIGHTLY -> [19, 12, 9, 7, 8, 20, 12, 25]
SLIP -> [19, 12, 9, 16]
SLOW -> [19, 12, 15, 23]
SLOWLY -> [19, 12, 15, 23, 12, 25]
SMALL -> [19, 13, 1, 12, 12]
SMILE -> [19, 13, 9, 12, 5]
SO -> [19, 15]
SOCIAL -> [19, 15, 3, 9, 1, 12]
SOCIETY -> [19, 15, 3, 9, 5, 20, 25]
SOFT -> [19, 15, 6, 20]
SOFTWARE -> [19, 15, 6, 20, 23, 1, 18, 5]
SOIL -> [19, 15, 9, 12]
SOIL
SOLDIER -> [19, 15, 12, 4, 9, 5, 18]
SOLICITOR -> [19, 15, 12, 9, 3, 9, 20, 15, 18]
SOLICITOR
SOLUTION -> [19, 15, 12, 21, 20, 9, 15, 14]
SOME -> [19, 15, 13, 5]
SOMEBODY -> [19, 15, 13, 5, 2, 15, 4, 25]
SOMEONE -> [19, 15, 13, 5, 15, 14, 5]
SOMETHING -> [19, 15, 13, 5, 20, 8, 9, 14, 7]
SOMETIMES -> [19, 15, 13, 5, 20, 9, 13, 5, 19]
SOMEWHAT -> [19, 15, 13, 5, 23, 8, 1, 20]
SOMEWHERE -> [19, 15, 13, 5, 23, 8, 5, 18, 5]
SON -> [19, 15, 14]
SONG -> [19, 15, 14, 7]
SONG
SOON -> [19, 15, 15, 14]
SORRY -> [19, 15, 18, 18, 25]
SORT -> [19, 15, 18, 20]
SOUND -> [19, 15, 21, 14, 4]
SOURCE -> [19, 15, 21, 18, 3, 5]
SOUTH -> [19, 15, 21, 20, 8]
SOUTHERN -> [19, 15, 21, 20, 8, 5, 18, 14]
SOUTHERN
SPACE -> [19, 16, 1, 3, 5]
SPEAK -> [19, 16, 5, 1, 11]
SPEAKER -> [19, 16, 5, 1, 11, 5, 18]
SPECIAL -> [19, 16, 5, 3, 9, 1, 12]
SPECIES -> [19, 16, 5, 3, 9, 5, 19]
SPECIFIC -> [19, 16, 5, 3, 9, 6, 9, 3]
SPEECH -> [19, 16, 5, 5, 3, 8]
SPEED -> [19, 16, 5, 5, 4]
SPEND -> [19, 16, 5, 14, 4]
SPIRIT -> [19, 16, 9, 18, 9, 20]
SPIRIT
SPORT -> [19, 16, 15, 18, 20]
SPOT -> [19, 16, 15, 20]
SPREAD -> [19, 16, 18, 5, 1, 4]
SPRING -> [19, 16, 18, 9, 14, 7]
STAFF -> [19, 20, 1, 6, 6]
STAGE -> [19, 20, 1, 7, 5]
STAND -> [19, 20, 1, 14, 4]
STANDARD -> [19, 20, 1, 14, 4, 1, 18, 4]
STAR -> [19, 20, 1, 18]
START -> [19, 20, 1, 18, 20]
START
STATE -> [19, 20, 1, 20, 5]
STATEMENT -> [19, 20, 1, 20, 5, 13, 5, 14, 20]
STATION -> [19, 20, 1, 20, 9, 15, 14]
STATUS -> [19, 20, 1, 20, 21, 19]
STAY -> [19, 20, 1, 25]
STEAL -> [19, 20, 5, 1, 12]
STEP -> [19, 20, 5, 16]
STICK -> [19, 20, 9, 3, 11]
STILL -> [19, 20, 9, 12, 12]
STOCK -> [19, 20, 15, 3, 11]
STONE -> [19, 20, 15, 14, 5]
STOP -> [19, 20, 15, 16]
STORE -> [19, 20, 15, 18, 5]
STORY -> [19, 20, 15, 18, 25]
STRAIGHT -> [19, 20, 18, 1, 9, 7, 8, 20]
STRANGE -> [19, 20, 18, 1, 14, 7, 5]
STRATEGY -> [19, 20, 18, 1, 20, 5, 7, 25]
STREET -> [19, 20, 18, 5, 5, 20]
STRENGTH -> [19, 20, 18, 5, 14, 7, 20, 8]
STRIKE -> [19, 20, 18, 9, 11, 5]
STRONG -> [19, 20, 18, 15, 14, 7]
STRONGLY -> [19, 20, 18, 15, 14, 7, 12, 25]
STRUCTURE -> [19, 20, 18, 21, 3, 20, 21, 18, 5]
STUDENT -> [19, 20, 21, 4, 5, 14, 20]
STUDIO -> [19, 20, 21, 4, 9, 15]
STUDY -> [19, 20, 21, 4, 25]
STUFF -> [19, 20, 21, 6, 6]
STYLE -> [19, 20, 25, 12, 5]
SUBJECT -> [19, 21, 2, 10, 5, 3, 20]
SUBSTANTIAL -> [19, 21, 2, 19, 20, 1, 14, 20, 9, 1, 12]
SUCCEED -> [19, 21, 3, 3, 5, 5, 4]
SUCCESS -> [19, 21, 3, 3, 5, 19, 19]
SUCCESSFUL -> [19, 21, 3, 3, 5, 19, 19, 6, 21, 12]
SUCH -> [19, 21, 3, 8]
SUDDENLY -> [19, 21, 4, 4, 5, 14, 12, 25]
SUFFER -> [19, 21, 6, 6, 5, 18]
SUFFICIENT -> [19, 21, 6, 6, 9, 3, 9, 5, 14, 20]
SUGGEST -> [19, 21, 7, 7, 5, 19, 20]
SUGGESTION -> [19, 21, 7, 7, 5, 19, 20, 9, 15, 14]
SUGGESTION
SUITABLE -> [19, 21, 9, 20, 1, 2, 12, 5]
SUM -> [19, 21, 13]
SUMMER -> [19, 21, 13, 13, 5, 18]
SUN -> [19, 21, 14]
SUPPLY -> [19, 21, 16, 16, 12, 25]
SUPPORT -> [19, 21, 16, 16, 15, 18, 20]
SUPPOSE -> [19, 21, 16, 16, 15, 19, 5]
SURE -> [19, 21, 18, 5]
SURELY -> [19, 21, 18, 5, 12, 25]
SURFACE -> [19, 21, 18, 6, 1, 3, 5]
SURPRISE -> [19, 21, 18, 16, 18, 9, 19, 5]
SURROUND -> [19, 21, 18, 18, 15, 21, 14, 4]
SURVEY -> [19, 21, 18, 22, 5, 25]
SURVIVE -> [19, 21, 18, 22, 9, 22, 5]
SWITCH -> [19, 23, 9, 20, 3, 8]
SYSTEM -> [19, 25, 19, 20, 5, 13]
TABLE -> [20, 1, 2, 12, 5]
TAKE -> [20, 1, 11, 5]
TALK -> [20, 1, 12, 11]
TALL -> [20, 1, 12, 12]
TAPE -> [20, 1, 16, 5]
TARGET -> [20, 1, 18, 7, 5, 20]
TASK -> [20, 1, 19, 11]
TAX -> [20, 1, 24]
TEA -> [20, 5, 1]
TEACH -> [20, 5, 1, 3, 8]
TEACHER -> [20, 5, 1, 3, 8, 5, 18]
TEACHING -> [20, 5, 1, 3, 8, 9, 14, 7]
TEAM -> [20, 5, 1, 13]
TEAR -> [20, 5, 1, 18]
TECHNICAL -> [20, 5, 3, 8, 14, 9, 3, 1, 12]
TECHNIQUE -> [20, 5, 3, 8, 14, 9, 17, 21, 5]
TECHNOLOGY -> [20, 5, 3, 8, 14, 15, 12, 15, 7, 25]
TELEPHONE -> [20, 5, 12, 5, 16, 8, 15, 14, 5]
TELEVISION -> [20, 5, 12, 5, 22, 9, 19, 9, 15, 14]
TELL -> [20, 5, 12, 12]
TEMPERATURE -> [20, 5, 13, 16, 5, 18, 1, 20, 21, 18, 5]
TEND -> [20, 5, 14, 4]
TERM -> [20, 5, 18, 13]
TERMS -> [20, 5, 18, 13, 19]
TERRIBLE -> [20, 5, 18, 18, 9, 2, 12, 5]
TEST -> [20, 5, 19, 20]
TEXT -> [20, 5, 24, 20]
THAN -> [20, 8, 1, 14]
THANK -> [20, 8, 1, 14, 11]
THANKS -> [20, 8, 1, 14, 11, 19]
THAT -> [20, 8, 1, 20]
THE -> [20, 8, 5]
THEATRE -> [20, 8, 5, 1, 20, 18, 5]
THEIR -> [20, 8, 5, 9, 18]
THEM -> [20, 8, 5, 13]
THEME -> [20, 8, 5, 13, 5]
THEMSELVES -> [20, 8, 5, 13, 19, 5, 12, 22, 5, 19]
THEN -> [20, 8, 5, 14]
THEORY -> [20, 8, 5, 15, 18, 25]
THEORY
THERE -> [20, 8, 5, 18, 5]
THEREFORE -> [20, 8, 5, 18, 5, 6, 15, 18, 5]
THESE -> [20, 8, 5, 19, 5]
THEY -> [20, 8, 5, 25]
THIN -> [20, 8, 9, 14]
THING -> [20, 8, 9, 14, 7]
THINK -> [20, 8, 9, 14, 11]
THIS -> [20, 8, 9, 19]
THOSE -> [20, 8, 15, 19, 5]
THOUGH -> [20, 8, 15, 21, 7, 8]
THOUGHT -> [20, 8, 15, 21, 7, 8, 20]
THREAT -> [20, 8, 18, 5, 1, 20]
THREATEN -> [20, 8, 18, 5, 1, 20, 5, 14]
THREATEN
THROUGH -> [20, 8, 18, 15, 21, 7, 8]
THROUGHOUT -> [20, 8, 18, 15, 21, 7, 8, 15, 21, 20]
THROUGHOUT
THROW -> [20, 8, 18, 15, 23]
THUS -> [20, 8, 21, 19]
TICKET -> [20, 9, 3, 11, 5, 20]
TIME -> [20, 9, 13, 5]
TINY -> [20, 9, 14, 25]
TITLE -> [20, 9, 20, 12, 5]
TITLE
TO -> [20, 15]
TODAY -> [20, 15, 4, 1, 25]
TOGETHER -> [20, 15, 7, 5, 20, 8, 5, 18]
TOMORROW -> [20, 15, 13, 15, 18, 18, 15, 23]
TONE -> [20, 15, 14, 5]
TONIGHT -> [20, 15, 14, 9, 7, 8, 20]
TOO -> [20, 15, 15]
TOOL -> [20, 15, 15, 12]
TOOTH -> [20, 15, 15, 20, 8]
TOOTH
TOP -> [20, 15, 16]
TOTAL -> [20, 15, 20, 1, 12]
TOTALLY -> [20, 15, 20, 1, 12, 12, 25]
TOTALLY
TOUCH -> [20, 15, 21, 3, 8]
TOUR -> [20, 15, 21, 18]
TOWARDS -> [20, 15, 23, 1, 18, 4, 19]
TOWN -> [20, 15, 23, 14]
TRACK -> [20, 18, 1, 3, 11]
TRADE -> [20, 18, 1, 4, 5]
TRADITION -> [20, 18, 1, 4, 9, 20, 9, 15, 14]
TRADITIONAL -> [20, 18, 1, 4, 9, 20, 9, 15, 14, 1, 12]
TRAFFIC -> [20, 18, 1, 6, 6, 9, 3]
TRAIN -> [20, 18, 1, 9, 14]
TRAINING -> [20, 18, 1, 9, 14, 9, 14, 7]
TRANSFER -> [20, 18, 1, 14, 19, 6, 5, 18]
TRANSPORT -> [20, 18, 1, 14, 19, 16, 15, 18, 20]
TRAVEL -> [20, 18, 1, 22, 5, 12]
TRAVEL
TREAT -> [20, 18, 5, 1, 20]
TREATMENT -> [20, 18, 5, 1, 20, 13, 5, 14, 20]
TREATY -> [20, 18, 5, 1, 20, 25]
TREE -> [20, 18, 5, 5]
TREND -> [20, 18, 5, 14, 4]
TRIAL -> [20, 18, 9, 1, 12]
TRIP -> [20, 18, 9, 16]
TROOP -> [20, 18, 15, 15, 16]
TROUBLE -> [20, 18, 15, 21, 2, 12, 5]
TRUE -> [20, 18, 21, 5]
TRUST -> [20, 18, 21, 19, 20]
TRUTH -> [20, 18, 21, 20, 8]
TRY -> [20, 18, 25]
TURN -> [20, 21, 18, 14]
TWICE -> [20, 23, 9, 3, 5]
TYPE -> [20, 25, 16, 5]
TYPE
TYPICAL -> [20, 25, 16, 9, 3, 1, 12]
UNABLE -> [21, 14, 1, 2, 12, 5]
UNABLE
UNDER -> [21, 14, 4, 5, 18]
UNDERSTAND -> [21, 14, 4, 5, 18, 19, 20, 1, 14, 4]
UNDERSTAND
UNDERSTANDING -> [21, 14, 4, 5, 18, 19, 20, 1, 14, 4, 9, 14, 7]
UNDERTAKE -> [21, 14, 4, 5, 18, 20, 1, 11, 5]
UNEMPLOYMENT -> [21, 14, 5, 13, 16, 12, 15, 25, 13, 5, 14, 20]
UNFORTUNATELY -> [21, 14, 6, 15, 18, 20, 21, 14, 1, 20, 5, 12, 25]
UNION -> [21, 14, 9, 15, 14]
UNIT -> [21, 14, 9, 20]
UNITED -> [21, 14, 9, 20, 5, 4]
UNIVERSITY -> [21, 14, 9, 22, 5, 18, 19, 9, 20, 25]
UNLESS -> [21, 14, 12, 5, 19, 19]
UNLIKELY -> [21, 14, 12, 9, 11, 5, 12, 25]
UNTIL -> [21, 14, 20, 9, 12]
UP -> [21, 16]
UPON -> [21, 16, 15, 14]
UPON
UPPER -> [21, 16, 16, 5, 18]
URBAN -> [21, 18, 2, 1, 14]
US -> [21, 19]
USE -> [21, 19, 5]
USED -> [21, 19, 5, 4]
USEFUL -> [21, 19, 5, 6, 21, 12]
USER -> [21, 19, 5, 18]
USUAL -> [21, 19, 21, 1, 12]
USUALLY -> [21, 19, 21, 1, 12, 12, 25]
VALUE -> [22, 1, 12, 21, 5]
VARIATION -> [22, 1, 18, 9, 1, 20, 9, 15, 14]
VARIETY -> [22, 1, 18, 9, 5, 20, 25]
VARIOUS -> [22, 1, 18, 9, 15, 21, 19]
VARIOUS
VARY -> [22, 1, 18, 25]
VARY
VAST -> [22, 1, 19, 20]
VEHICLE -> [22, 5, 8, 9, 3, 12, 5]
VERSION -> [22, 5, 18, 19, 9, 15, 14]
VERY -> [22, 5, 18, 25]
VIA -> [22, 9, 1]
VICTIM -> [22, 9, 3, 20, 9, 13]
VICTORY -> [22, 9, 3, 20, 15, 18, 25]
VIDEO -> [22, 9, 4, 5, 15]
VIDEO
VIEW -> [22, 9, 5, 23]
VILLAGE -> [22, 9, 12, 12, 1, 7, 5]
VIOLENCE -> [22, 9, 15, 12, 5, 14, 3, 5]
VISION -> [22, 9, 19, 9, 15, 14]
VISIT -> [22, 9, 19, 9, 20]
VISITOR -> [22, 9, 19, 9, 20, 15, 18]
VITAL -> [22, 9, 20, 1, 12]
VOICE -> [22, 15, 9, 3, 5]
VOLUME -> [22, 15, 12, 21, 13, 5]
VOTE -> [22, 15, 20, 5]
WAGE -> [23, 1, 7, 5]
WAIT -> [23, 1, 9, 20]
WALK -> [23, 1, 12, 11]
WALL -> [23, 1, 12, 12]
WANT -> [23, 1, 14, 20]
WAR -> [23, 1, 18]
WARM -> [23, 1, 18, 13]
WARM
WARN -> [23, 1, 18, 14]
WASH -> [23, 1, 19, 8]
WATCH -> [23, 1, 20, 3, 8]
WATCH
WATER -> [23, 1, 20, 5, 18]
WAVE -> [23, 1, 22, 5]
WAY -> [23, 1, 25]
WE -> [23, 5]
WE
WEAK -> [23, 5, 1, 11]
WEAPON -> [23, 5, 1, 16, 15, 14]
WEAR -> [23, 5, 1, 18]
WEATHER -> [23, 5, 1, 20, 8, 5, 18]
WEEK -> [23, 5, 5, 11]
WEEKEND -> [23, 5, 5, 11, 5, 14, 4]
WEIGHT -> [23, 5, 9, 7, 8, 20]
WELCOME -> [23, 5, 12, 3, 15, 13, 5]
WELFARE -> [23, 5, 12, 6, 1, 18, 5]
WELL -> [23, 5, 12, 12]
WEST -> [23, 5, 19, 20]
WESTERN -> [23, 5, 19, 20, 5, 18, 14]
WHAT -> [23, 8, 1, 20]
WHATEVER -> [23, 8, 1, 20, 5, 22, 5, 18]
WHEN -> [23, 8, 5, 14]
WHERE -> [23, 8, 5, 18, 5]
WHEREAS -> [23, 8, 5, 18, 5, 1, 19]
WHETHER -> [23, 8, 5, 20, 8, 5, 18]
WHICH -> [23, 8, 9, 3, 8]
WHILE -> [23, 8, 9, 12, 5]
WHILST -> [23, 8, 9, 12, 19, 20]
WHILST
WHITE -> [23, 8, 9, 20, 5]
WHO -> [23, 8, 15]
WHOLE -> [23, 8, 15, 12, 5]
WHOM -> [23, 8, 15, 13]
WHOSE -> [23, 8, 15, 19, 5]
WHY -> [23, 8, 25]
WIDE -> [23, 9, 4, 5]
WIDELY -> [23, 9, 4, 5, 12, 25]
WIDELY
WIFE -> [23, 9, 6, 5]
WILD -> [23, 9, 12, 4]
WILL -> [23, 9, 12, 12]
WIN -> [23, 9, 14]
WIND -> [23, 9, 14, 4]
WINDOW -> [23, 9, 14, 4, 15, 23]
WINE -> [23, 9, 14, 5]
WING -> [23, 9, 14, 7]
WINNER -> [23, 9, 14, 14, 5, 18]
WINTER -> [23, 9, 14, 20, 5, 18]
WISH -> [23, 9, 19, 8]
WITH -> [23, 9, 20, 8]
WITHDRAW -> [23, 9, 20, 8, 4, 18, 1, 23]
WITHIN -> [23, 9, 20, 8, 9, 14]
WITHOUT -> [23, 9, 20, 8, 15, 21, 20]
WOMAN -> [23, 15, 13, 1, 14]
WOMAN
WONDER -> [23, 15, 14, 4, 5, 18]
WONDERFUL -> [23, 15, 14, 4, 5, 18, 6, 21, 12]
WOOD -> [23, 15, 15, 4]
WORD -> [23, 15, 18, 4]
WORK -> [23, 15, 18, 11]
WORKER -> [23, 15, 18, 11, 5, 18]
WORKING -> [23, 15, 18, 11, 9, 14, 7]
WORKS -> [23, 15, 18, 11, 19]
WORLD -> [23, 15, 18, 12, 4]
WORRY -> [23, 15, 18, 18, 25]
WORTH -> [23, 15, 18, 20, 8]
WOULD -> [23, 15, 21, 12, 4]
WRITE -> [23, 18, 9, 20, 5]
WRITER -> [23, 18, 9, 20, 5, 18]
WRITING -> [23, 18, 9, 20, 9, 14, 7]
WRONG -> [23, 18, 15, 14, 7]
YARD -> [25, 1, 18, 4]
YEAH -> [25, 5, 1, 8]
YEAR -> [25, 5, 1, 18]
YES -> [25, 5, 19]
YESTERDAY -> [25, 5, 19, 20, 5, 18, 4, 1, 25]
YET -> [25, 5, 20]
YOU -> [25, 15, 21]
YOUNG -> [25, 15, 21, 14, 7]
YOUR -> [25, 15, 21, 18]
YOURSELF -> [25, 15, 21, 18, 19, 5, 12, 6]
YOUTH -> [25, 15, 21, 20, 8]
